239
89 213
-156 -206
112 -174
17 -207
10 84
87 36
-28 -223
228 22
35 126
-137 82
18 -127
116 82
-220 98
-140 192
-211 10
26 -136
192 -4
-195 -123
72 114
146 7
95 31
-156 -197
-59 -168
-133 56
193 -197
29 -227
-179 -181
40 -138
159 18
-158 -27
24 -185
-4 -51
-175 41
137 212
41 228
-134 -130
161 -86
-153 27
12 34
57 -175
211 126
-94 139
77 93
-202 -202
49 98
10 -11
-11 -86
27 35
175 166
210 -35
-35 -165
84 4
215 -111
128 198
-122 -2
180 127
-187 -147
124 218
165 -39
60 86
-209 -207
99 -41
129 -118
102 -107
220 227
-239 198
-144 -46
36 -66
210 -88
-114 26
16 -23
100 -58
-132 176
-233 -19
14 42
-173 -182
148 -202
-28 -179
238 -72
211 -132
85 116
-147 33
-206 86
163 -1
46 215
-114 -85
-224 -102
174 -217
-6 -72
200 -142
94 -84
-216 -138
-80 121
96 206
-64 -59
-125 -78
79 -235
-4 8
-73 130
197 -81
53 -132
61 6
-230 -150
-198 -218
-3 -101
-200 -225
-11 38
-97 -14
-233 94
112 48
112 -34
55 118
224 98
72 158
-10 -100
114 228
26 137
-8 181
-40 75
-166 169
-130 -47
188 117
-173 -177
-72 -186
-183 -198
-218 -64
40 207
-193 134
-234 164
-154 17
-213 88
138 -120
189 168
-132 57
137 17
165 -167
-207 -4
-4 -194
-196 42
-154 -213
150 87
-42 195
-214 65
110 226
57 5
-68 56
145 -134
-215 84
233 -137
4 -50
-82 234
222 157
133 -30
140 141
183 -56
-106 204
-170 151
180 -70
197 57
34 -211
-239 180
-129 -236
44 238
-229 -10
-203 -119
-115 -88
186 5
-83 224
8 -148
-13 1
-142 134
75 -216
-211 -48
116 -99
35 -100
93 231
126 -150
53 44
-32 212
104 41
-95 200
80 213
214 202
126 175
158 140
228 159
185 177
161 -21
-54 207
40 128
-196 -55
-149 184
189 126
-205 -138
-9 150
82 62
93 114
-151 -99
61 -62
-180 -234
75 -71
5 -73
192 35
170 181
169 -11
-125 -111
-163 223
-162 -187
134 -236
219 78
-228 -148
204 213
-159 155
16 161
95 -77
-110 -188
-83 -211
-214 35
-67 65
-111 120
-206 88
148 114
-186 -35
111 -140
-145 -47
-62 89
-3 -6
-217 32
18 174
96 -4
29 62
-201 -214
29 -151
-76 230
9 64
-169 -137
21 133
79 38
205 -6