1000
-806 -1005
-58 -574
1084 1043
103 -940
-1027 477
98 290
-1117 -260
13 -765
683 -162
342 856
-1162 -461
835 -250
214 -49
781 -753
-1144 -988
238 573
-1097 551
-159 627
-341 -1011
-71 473
624 124
343 147
1020 825
385 409
993 -825
-936 602
1 1099
-1178 -328
817 -43
-716 629
1076 68
277 -421
-691 176
-577 330
1097 -852
-154 -79
-797 434
-269 -354
966 -208
247 502
-953 711
-130 -639
-456 -1180
528 361
-144 710
-261 -221
-539 -55
371 -379
-1048 -882
1070 -435
107 -466
215 -982
629 -806
-81 -324
34 918
-304 -407
-809 932
-317 35
-1095 459
-688 56
1031 -443
198 -1164
-1029 -305
406 -743
-658 212
-52 -597
1153 -873
972 -1197
211 -522
-948 -74
656 800
-357 889
-1136 376
556 627
-594 -79
453 -1114
-100 -874
138 1214
744 101
1081 170
22 464
-1177 954
1180 340
-842 -269
-69 -229
-825 -1108
-1026 702
-661 847
947 1161
-205 -822
-215 -514
-1072 -1126
1168 -73
463 -744
-370 -792
-1035 -239
1036 933
656 425
-517 -855
-1201 -786
1038 -1098
-1179 -1189
-342 -848
-1155 -955
-1055 -418
-161 1178
1133 -73
-831 -1011
-1073 345
1038 -1079
-993 -272
-1155 1024
461 -679
1191 -996
184 -118
1027 -979
-887 986
416 725
1088 -656
-967 658
-790 921
852 -194
-514 514
243 97
-1117 -884
684 36
899 -834
-1088 202
-656 -151
-1165 383
-124 453
-858 343
-1124 611
412 -460
295 -736
-885 -829
1188 -303
719 626
642 -990
793 11
1071 257
-349 1230
1047 -307
635 -869
-766 914
-405 889
-19 -280
834 -1146
-621 117
-846 -1155
366 -902
-887 1070
-112 -582
-12 -632
406 -918
-961 907
-145 729
-386 -61
-1226 742
-1114 306
-287 24
-204 -647
-670 -18
1023 -475
-1060 -277
884 1031
568 1231
-139 1150
700 236
-599 -798
-594 425
182 -557
1209 306
1210 -194
-536 -992
-777 -533
863 1209
892 -415
-887 -438
-855 -658
81 -4
-1074 -113
-1181 368
532 -197
-366 -1054
-109 871
624 1228
-876 -897
501 -888
-907 813
-257 790
609 419
799 202
-407 496
399 217
-853 -350
-345 -619
378 350
-906 825
1110 543
613 -1137
117 219
-483 642
218 328
-228 85
-777 -725
-178 -226
346 215
609 -742
208 1032
-794 -268
-387 1217
1187 -863
-1051 1224
-921 -764
-80 134
653 -54
-1070 533
-1165 -1212
-16 508
329 -896
-891 188
1034 -750
-983 -967
-590 -257
-166 181
-1155 -676
1176 -710
64 873
-347 116
49 -626
1037 934
-260 -1203
310 203
1212 -785
-541 -1076
279 -198
158 -56
892 -230
482 177
-710 -331
695 -561
38 1175
-898 887
815 -863
-944 847
-544 -194
-534 1019
831 1007
1026 126
-710 -968
-746 -784
-538 1223
267 1148
496 -853
-464 198
373 1096
274 338
925 1024
580 100
-172 1170
87 1100
814 -1174
902 -880
-23 -1065
507 -1233
410 -1217
-445 -491
-544 286
1227 268
-403 -139
-807 -1228
810 260
1183 -489
-469 512
30 319
167 -256
-303 -165
-1123 -603
-497 -437
1139 -1133
845 -430
-549 -28
123 -184
1108 -802
-1149 -14
-938 -813
805 1171
-741 -83
-1180 1039
1170 -223
-1148 -584
-777 326
1204 -250
-607 -727
115 -79
-1099 -1206
-615 1077
1053 134
298 -427
-411 511
256 -683
880 -937
-870 975
-186 -533
1120 -838
1165 -79
494 -375
1063 -1147
-527 -118
-646 878
985 893
697 757
1074 -597
-136 235
-1007 107
-783 -281
-830 1020
750 1161
-390 -172
-336 -111
-1070 508
-337 539
570 130
-856 -985
677 538
-659 -1042
1172 -1103
-355 974
1175 573
293 -262
-366 -306
1107 70
628 -749
428 -526
1091 31
-1030 -1190
572 -606
-839 -274
-791 -464
1004 -87
69 831
1050 334
544 880
-757 -288
81 779
-775 -933
286 973
703 220
1213 -688
321 71
760 -400
862 373
-255 54
-425 -994
1053 810
1103 995
-734 1147
-107 -790
-222 -366
1019 -1181
850 1187
838 -385
1060 1064
123 -827
-1063 374
-516 -1126
-917 -320
-904 428
220 -646
702 871
445 -1069
575 -414
-1152 675
-194 -601
365 949
-401 -742
-679 533
-684 -1201
-830 -1021
751 1218
646 412
561 -1057
-193 -401
275 -1123
1020 -865
-245 -1101
1178 645
-178 766
818 -122
904 -495
-336 -1073
-16 1102
-1063 62
1075 -61
-1184 556
771 1116
-201 1142
-94 598
79 -658
-842 -329
-1105 -1192
-1228 -23
-785 -225
980 87
1201 491
-515 330
784 672
269 1071
864 1055
67 -89
-1167 1182
101 -1088
1160 616
-68 -1048
327 -450
881 936
661 294
-328 -384
-32 -560
516 853
-82 586
373 -62
238 -872
-947 -67
-948 -104
8 -973
104 599
396 -64
1043 627
-768 1191
-680 -949
1207 -89
983 611
-679 -777
1021 -287
-899 -689
787 -495
-366 1059
285 241
373 38
-9 413
-443 1031
615 442
110 -9
-342 -696
-13 -581
-895 -201
-1132 354
-343 -714
-591 1174
-468 85
-858 -540
-822 336
-611 1219
-942 735
-1109 381
488 -934
-273 756
399 -701
-569 163
1113 986
557 283
73 -537
506 200
-858 823
-961 -1067
-358 -526
-156 709
-706 29
412 138
437 462
-353 -932
9 -239
-1051 -1064
-937 114
284 -581
1066 -1058
422 284
953 -1161
918 -1037
-381 -112
-332 -729
129 1151
-320 346
-642 -720
-344 -261
-763 -73
777 727
686 -964
472 -260
729 319
-1077 -461
-929 57
183 592
-1183 -622
341 210
-1007 1062
169 50
-653 407
-1143 942
-978 55
131 -796
958 293
915 -779
-98 873
26 894
-781 -769
745 184
1050 145
-914 -364
-1048 719
-486 -790
301 -911
-701 95
164 -644
-679 479
-635 657
1027 -87
-434 907
-799 -129
174 -582
630 1089
274 531
539 -1110
-465 1231
-31 514
51 685
-322 225
-635 1096
636 -804
85 -462
-186 -245
424 661
185 510
-286 -695
212 -297
-727 1200
249 -21
-665 -88
-234 951
833 -793
-620 1117
-853 227
104 -779
-391 -566
238 576
1130 -557
813 -85
1194 915
-966 -633
-544 1086
-851 -205
99 441
-797 653
-1172 -104
-844 -339
331 1113
-76 -936
-979 950
568 1151
-292 -1162
-1018 1017
-45 -549
-405 -17
-371 1072
120 -477
127 159
-875 337
809 -1190
165 -243
750 -44
1173 1006
-215 447
386 -888
794 178
-1125 208
1002 -856
100 733
200 -636
110 -672
48 -411
-298 -1190
-1067 965
-1187 633
-247 482
753 -161
-729 -1012
143 -1025
-94 -610
670 811
-1009 827
742 -428
86 226
-698 901
140 875
639 137
791 1132
96 -270
-1171 1194
-139 -903
410 -205
939 -527
480 247
-467 249
365 -1076
-668 969
-1175 -936
40 -935
1152 -471
-413 1198
99 159
1195 7
-844 -701
-201 -427
1109 -809
-525 665
-953 1004
579 668
166 -998
-390 -489
-210 -1162
982 1064
-1090 -882
1019 94
1181 -527
-1097 -209
-27 221
1062 -652
-1193 -1167
894 299
474 -1104
305 -491
-471 992
-586 -1010
1099 -181
-93 -802
707 191
-995 -165
1139 935
1022 707
-186 47
18 754
-765 1016
-1211 -1080
-105 814
-823 1131
-161 -34
562 -1210
978 -849
-462 844
689 -721
-775 -373
-338 380
249 690
808 179
363 535
-645 -1188
648 -753
-598 -547
-401 -170
-936 189
-1030 1017
461 246
-1040 781
238 -150
460 -1213
858 791
567 -1010
-435 542
337 -644
-1036 578
-141 791
-169 772
861 -1198
-901 -731
576 1062
-679 584
775 1109
-531 704
-348 -539
-715 89
-897 1155
636 -222
-1200 767
-182 619
947 1171
-70 -891
827 -668
-1007 1096
609 -1024
-1006 1154
539 -520
163 -510
-1193 -183
-258 496
-115 267
287 -624
-316 -38
1096 962
401 -1092
-1220 -642
-60 -1147
-1035 810
147 532
-275 -72
-271 295
-668 280
44 -301
45 611
743 220
27 -567
-124 341
668 -273
-1105 536
419 1076
-1231 55
1174 -755
1232 -331
-457 -970
141 473
162 -81
413 -695
-67 1117
-1087 -722
-1149 -952
566 188
-115 453
346 877
513 726
720 -709
-1171 1216
-1085 -1147
807 -896
-18 736
1012 121
1161 -712
1104 -1177
-205 930
193 149
1174 1058
358 1048
785 -209
-313 -260
46 -288
99 -471
-848 1013
1067 -572
179 169
321 -968
-124 -1098
1060 1213
-877 1161
1074 -632
-164 1176
-917 689
245 822
-102 -678
89 -1171
611 -926
699 1202
-100 734
413 -894
-899 588
1169 -657
-1154 397
780 622
657 92
322 -491
-1213 -615
-92 -511
88 532
1157 -361
-833 195
755 -701
-290 890
-409 -1060
577 -895
732 285
-711 -886
-241 -532
-592 903
1208 -265
-891 139
-792 -788
560 -791
-729 1212
-1139 -634
800 -1077
-1181 -1078
-1228 463
-217 871
-553 447
520 -680
1161 -115
161 1195
497 -954
-944 -471
796 -313
-994 450
609 -680
555 -782
-465 310
509 -1234
269 436
936 -562
1122 -1161
-495 295
1025 11
777 1155
169 -857
-181 93
-208 -605
1201 -1007
297 1183
-1192 781
-21 469
536 -175
-272 -881
-165 -270
-72 -1119
-850 -457
1096 555
825 1095
647 907
123 -510
1043 258
881 837
726 -286
808 820
-887 -278
254 -928
679 -65
-9 -985
1229 941
1096 210
-594 -816
868 781
505 -879
-901 922
73 586
-8 -882
-447 -1009
600 472
710 -456
-794 398
235 407
955 -1144
-834 -953
1069 -252
366 163
718 44
69 -790
108 1028
-184 124
367 554
-902 552
-455 -69
1224 -530
745 399
-1109 -1221
-847 -672
367 666
-666 -613
-195 714
1173 85
755 -454
-360 965
80 -359
-276 -563
609 -995
-865 -1048
485 -1052
603 -606
-877 -617
192 -1025
1092 124
-107 485
-203 124
-441 572
56 -448
370 595
961 347
844 -813
-662 -962
-943 -1100
649 809
596 673
93 441
242 -54
1016 -148
-142 -1086
55 -772
-367 607
-64 607
-796 506
349 -833
-1081 -583
-569 -153
-517 220
-519 -1223
-1121 1115
-1182 437
876 1054
-780 -1067
669 -872
-264 492
241 -117
136 -507
472 178
841 1201
-880 410
-854 -196
-260 -336
-564 1232
161 -878
-1060 582
-1082 -826
53 -74
-621 1026
-335 -218
-655 -545
349 -585
-1058 970
19 -270
1002 951
1221 721
971 -312
349 826
1010 -446
-807 -1226
-350 247
355 -883
328 -208
538 1042
-1209 -295
-1207 55
-1135 1016
395 635
544 685
125 -904
-1230 1018
904 182
-179 874
956 706
1096 -192
-729 57
-763 -37
694 -732
757 1077
42 346
137 -667
-596 868
-456 -1004
-230 -744
-667 -572
141 -434
161 -260
836 328
-1048 -253
933 -501
1030 1188
125 -1187
-218 -1001
1128 -1137
-724 -57
-547 -937
315 341
-133 -21
-576 968
722 1220
-957 -511
-979 993
640 224
613 -833
-11 150
748 -1158
-435 -443
-376 -384
-746 -27
-370 1015
-1146 -487
777 619
-499 -1127
-953 -800
-794 -276
445 1089
518 110
-74 1108
-432 -559
948 -630
427 -824
-1096 -516
587 691
461 597
135 -14
844 -694
-1050 -751
-267 764
1153 -860