4063
-717 332
1115 1821
-5452 5688
4374 -496
2914 -3476
1870 6425
5669 5618
-1230 -677
-3928 -3783
1244 -375
3367 -2331
1949 2711
-5104 -4649
-2341 4277
-4759 -5342
6343 5244
4715 2206
962 23
-3860 4018
638 -3754
5544 -2835
3125 -2572
2408 1315
5895 3351
1743 6647
6450 6293
3631 4596
-4167 4560
2515 -2126
2606 4788
5209 -3761
-5382 1126
-102 -5535
-4171 2767
-4892 -1034
5486 -2048
-2407 -458
3629 -763
1433 -638
-3145 -1855
-2703 6323
-5008 -6000
842 -1110
-714 -1597
-4142 2893
6080 127
-2210 5736
6595 -1420
6605 -2203
-6560 3933
-5393 -5836
1149 -1264
-1819 -189
-1965 5782
-924 4693
-3356 -2966
4196 5203
-6551 -4937
2846 -1549
5060 1791
3730 5836
4924 5996
-2661 -981
-5546 4373
-677 4766
5898 941
503 1784
-2432 6251
-865 -662
5371 -5465
1046 -2550
-2040 -6440
-3387 -1546
6110 5339
-6474 3058
-6382 5816
982 -5992
-6313 -5029
-2415 -6164
-1920 5484
-1425 6477
-3654 -5248
-5300 2540
5723 1695
4991 4697
2374 6511
-4240 -353
1213 1470
-5240 6453
1640 -2439
-523 -5637
-206 1779
1837 -83
4625 3170
1630 -3528
-1595 -4234
4263 5910
-1033 3203
1813 -976
-2362 6471
6327 1004
3489 -401
-5659 -4821
1186 1388
-1775 -5216
6409 1337
-3334 2558
6131 -5478
6559 -5381
1039 -3080
-4712 1757
-2601 2613
-4337 4587
-1012 -5659
-4169 2365
-289 2193
6429 5249
-5797 -4772
3956 -3523
371 -5853
-694 -5760
-2167 -3517
3771 -287
-3784 2428
1457 -5626
-2732 6088
412 6395
4742 -6374
-1908 2572
-655 6418
-6548 5569
-618 -2651
-5374 -369
-2289 -1628
1146 4517
-4366 785
-3660 -5846
-2301 6356
2177 6437
-5323 4090
-1122 -6015
5363 4086
-5102 -4367
-2180 -3382
2909 -1531
-5988 1229
749 -3147
-1535 634
-381 -1776
-5085 -2456
-1505 -4518
4885 -4116
-6293 -4263
5505 4523
2643 -1449
514 4975
-2787 -6537
-4920 1197
6016 -3411
1731 6273
-5818 2758
-5325 -2555
-165 -363
-182 -5712
-3846 -6357
4428 4801
4627 763
407 902
1828 -1261
-1544 -5242
5305 414
439 -2575
-5773 -1971
552 4582
3746 -1738
-4055 -2514
2019 -2205
4059 3945
2201 5887
-5996 755
-1651 -2954
2570 2405
-2458 294
2191 4169
-2832 1452
-1867 -2289
-327 4928
-4463 657
394 4777
287 4941
-5893 4853
-5692 5360
-4096 4477
2600 6481
-4624 2775
-704 2691
6366 -1868
3368 -3836
4614 2550
-2061 894
2231 712
3824 -2428
4632 203
1270 -5903
-1104 2677
-2833 3185
5828 -4223
5041 5205
4697 2242
1773 -5649
-3733 -650
-4989 -3707
6408 5141
5227 2090
-4073 4547
-3609 6490
5563 5227
5859 -4592
1775 -3775
-5862 -2623
-1044 -759
5116 -2901
-2987 5654
4074 5874
-3368 -4263
4097 389
-2178 -132
1503 4630
-2614 4855
4258 6406
4272 5177
664 3248
1753 -4417
-1055 -4174
2072 -1813
5021 3675
-4160 -6146
-4233 -5324
1809 4312
1712 -3571
-682 1484
3131 -5692
-4305 3792
172 -2350
4252 2599
-5719 5543
5148 5207
-5082 -6334
4763 4236
-4506 -6357
5864 6492
-831 6373
-2479 4444
5127 783
-2932 3457
2632 -530
6404 -5454
-3190 2695
1586 5797
123 -1159
-1998 -4429
-6510 6140
-3236 -6056
-2315 450
-5400 -4476
-1037 549
2871 3416
-3790 -936
-1986 816
245 3831
-4314 3333
5890 4476
4252 1861
776 2345
3233 -4237
-1828 5232
2337 -489
4456 -1623
35 2572
-4792 -150
-2692 -1013
3848 5111
-1147 6446
3480 2215
4044 -2021
-788 2438
6600 6062
4915 -5533
-1406 -4423
-4952 262
4417 -1221
5507 728
336 -4631
791 -4023
5254 -2516
-5230 1655
4977 2711
-4312 -564
2278 1607
2689 -3499
-4958 2821
4495 5430
-5210 2305
845 -664
1206 -285
4018 -6342
-1706 -4856
-5638 -3892
1118 -4031
-6185 -3796
-1247 277
-1971 -4137
2403 6654
4396 5841
-2343 -3198
3257 2805
3149 770
2933 5176
1275 -2065
2526 2519
3239 -3161
3121 -3380
-5938 363
4674 2361
-155 6009
5888 6530
2906 -5571
1020 6015
-6242 -4015
-2404 -3150
-1126 -4859
2310 2222
6546 -4205
5742 4252
-3549 695
-155 -5672
1885 -5280
-1167 109
3626 -1515
-2573 4015
4385 -4603
3748 4635
-3868 5287
-5850 -4140
2588 -5587
617 1862
-4144 -5057
-1982 2716
-3876 -2926
-4818 2110
89 -6458
3732 -1387
379 -327
2005 -1371
1601 -4567
1309 -856
-4683 5914
5174 5076
6219 -6588
2204 2686
5148 -2479
3164 485
-5429 3069
2925 -869
2148 5661
4548 -4925
1334 1302
6158 6104
-5338 3218
1198 3559
5310 5670
6053 -642
5927 4552
-1015 5950
3669 1235
4339 3992
-2933 -564
-681 2535
3697 -5080
3948 -150
925 1150
-1815 3017
-1293 -2651
-6531 1070
53 -4580
2678 3152
-5217 -1130
2430 3146
2209 3510
-1625 2229
-4978 6399
756 -2514
-6648 6159
869 -5296
-5381 -5561
2383 132
-5196 -4989
4806 2678
103 -3074
-281 1321
-2090 4883
3756 2538
6092 6580
-4410 -4128
2865 -6473
916 -906
-3805 1754
-637 1082
1714 -4434
-2688 -6110
-5238 -5887
565 -4556
-1159 3922
-2498 -5656
-3873 3823
5 4876
2300 5421
6115 -2948
-1980 2225
5055 3106
-692 -2780
1885 -1400
5813 -4643
2444 -430
-4090 -2593
-4147 -6132
-5737 -5031
1872 -5204
803 -3564
407 1839
89 -2967
3796 3296
6666 -3944
2484 -1094
-1279 -5566
-1943 -2705
-4343 2412
-5731 -322
5208 -2857
6658 -2051
-4265 -24
-5260 5288
-703 6574
-2612 -5931
1162 -352
-4639 5868
-5322 -2571
1607 -4982
-2841 1018
3294 -2811
-939 380
-3797 4427
-4595 2135
-4570 -1866
-1577 5585
3038 -5242
361 3440
-3406 2340
5418 -6293
5908 2691
-233 5860
1913 -2662
-1378 1089
4991 -1315
5971 3078
-3309 -2140
5944 5778
-4527 -2636
1423 -5369
-6229 -19
-1128 -5632
3659 -4587
1667 6508
-4921 2757
-2449 -3648
-6066 3628
-4158 -749
-2679 4035
25 5967
6545 -183
4670 -3116
1858 -2908
2319 4885
6224 2512
2621 -3319
2070 -5224
2682 5716
1638 -1130
-2423 6432
1567 1148
3331 -3631
-4323 -6610
1319 -4125
-3450 -2714
-3634 -1440
6572 4140
-2470 2291
2354 -5405
508 497
-145 6483
620 3610
4148 -4384
2018 3729
-2200 -2372
5385 -996
5139 -4339
-230 -2505
6388 -4641
838 3658
-1058 -1376
-5501 -6096
-247 -2407
-5129 -2305
-551 -6376
2208 3955
2138 -3901
-3587 2615
-5134 -861
-1579 -5617
679 4393
-4903 5225
-750 1320
6584 -1328
-4304 6461
5081 -4263
1545 -206
-2682 -4421
1808 -350
-284 35
-1216 973
-1506 -4860
-112 -1612
3704 -562
-6540 -1139
2808 -1141
-150 -1253
-3908 4638
-4936 -3307
6202 -5946
936 -2836
-2562 3791
-883 2747
3763 -4294
-3834 -3334
-5533 -1876
-2956 313
-3523 2475
-5705 590
-4431 5028
3543 -1498
-4529 218
5930 -6186
3793 1993
-5214 3886
-2909 -334
-6182 4810
675 -1960
-2543 6309
-4523 1612
632 -4800
-5766 5985
-4711 5522
5982 -3743
924 3483
-2204 -4458
-233 -1340
6075 -3276
-2756 -3741
6329 583
4996 -4783
-6239 78
429 282
-3067 -6090
72 6182
3482 -4163
719 -4644
-6501 -3820
-1046 -5979
-461 -4674
-3619 -5277
-4454 5678
-5505 -3191
-6337 1854
-175 6287
-2128 2243
-3350 -125
97 1733
-5439 -5328
-5608 -1294
-5154 -5057
1506 2792
2980 4111
6123 6482
4514 105
5720 396
-1686 2172
20 -4656
-2205 627
6650 4290
-5917 4315
5302 -5984
-1588 -2740
-3973 6283
4384 -719
610 -1729
-5965 2042
-680 -4568
-4987 -4682
-1328 6537
-513 -5056
2474 -5942
-1253 569
-4869 -3677
4114 1339
-3839 -5409
-5200 4299
-5127 1484
3321 -3020
4185 -2745
5776 -1048
-4148 -3006
-5727 473
2736 1919
-1212 3037
-2911 4534
2434 6583
-2877 -5892
4077 4859
4165 5604
5605 374
2695 5189
-2198 404
5548 -4558
-4544 -1148
-3418 -6615
2321 5400
-242 4467
3232 105
274 -1043
3984 1538
-6642 -6130
-3711 -57
-303 220
-4922 3530
-3551 -1280
5462 -3962
-3872 3727
6622 -6330
2334 -1443
3273 6232
1269 -4717
-1352 3885
4678 -4506
-371 -5654
3163 5125
-5344 -1369
-1162 6483
-4973 -3182
-3730 -6058
-6435 -1387
-5981 -3588
4589 -3156
-4291 -278
5836 5346
-3725 5371
6270 -646
-4327 -1233
425 6541
2335 3420
-111 149
5342 877
2566 -4330
4262 6186
3667 -4120
2289 5362
-4274 5678
4953 -2039
1598 -5150
3395 4564
1060 -3113
4461 -4364
1652 1992
-71 -5135
1029 -956
-2840 132
4810 4673
-3213 -4791
519 881
6408 -4665
4935 -660
-4091 6447
-1206 505
-3295 -5475
6141 5651
3854 4854
5620 3293
-3313 977
4332 1462
-3120 -3521
-5120 -6057
6294 2724
-434 5287
3520 -1008
-4306 2700
-5241 1494
-735 -383
-2004 4368
1042 -917
2767 -4196
-1085 1721
4461 2400
549 -229
2126 -1772
-6401 1955
-1254 -1614
4104 3997
6253 -6501
-6293 -3766
-5729 -1695
2979 -3561
4839 -2567
4802 6009
5455 1506
1785 4273
2678 3369
-1679 5740
-4703 885
1256 -4932
2658 2767
6450 -2130
-6215 3903
-1463 2174
-407 -32
-5510 -4702
474 -5564
4969 -2383
-1782 -5533
4061 4684
4567 -4548
1378 5814
2014 -2661
-6194 -2736
2488 5868
4190 4808
-464 1843
4258 483
-367 -1774
2390 1650
1580 1518
-6452 3805
-3722 3879
5304 1960
-4162 2450
-2729 -1312
-2346 5669
1221 -6348
5728 3035
-812 6056
-5133 -1885
178 -1844
59 -5417
6102 -2058
-3366 1756
915 2473
187 -3923
-6445 6625
5201 5006
1995 -1261
-1986 3113
2364 -5392
3081 -6502
3752 -2057
4815 -2342
-669 5423
3975 267
1085 4485
4230 5320
-4561 -4728
-5494 3437
-6260 4904
-3904 115
-5108 -1166
-6527 4729
763 -2569
-2225 3394
1651 2573
1921 -4515
-880 -4286
2977 3614
3470 5545
4062 -3158
-179 -6623
4762 3599
98 1039
5676 754
-5134 -3924
2698 -4690
-4348 -951
3363 -1496
1704 1055
-5814 -4559
-4850 -3748
4621 3388
5182 4205
3293 -4815
5217 144
5418 897
-2998 -5377
412 -2498
-1048 684
5278 -266
6005 3331
6090 -4786
4966 -3902
6519 -3010
-711 6171
5689 -3393
587 6191
-2330 4170
835 862
-5119 5196
-4108 6484
1045 700
954 4886
-4025 -6344
1914 -3477
-2177 1612
3241 886
5081 5256
3009 2348
-2706 -606
-4301 2884
3437 -3876
63 -189
-3067 -6661
6020 3339
6236 5012
4523 -1295
6649 -275
1043 1042
2289 -2771
-3394 -5587
3863 2832
3703 3167
-2148 -3927
-5670 377
6082 -6539
819 1502
4622 -4903
-6612 1406
-5685 1608
1717 2832
-1438 -2127
4515 1154
-6019 3321
-5656 -6496
-3765 -1404
1693 3755
6657 -4953
-1108 -1859
-4706 -3159
-5480 -3699
5988 -4523
5581 5879
5809 6504
-1921 -1187
-2236 1567
-3383 4081
-898 5562
-6356 -4948
-2502 5382
-1025 -438
734 8
212 -2511
5508 5116
-5315 650
-5663 1949
3544 6448
6158 -3060
-4712 77
-3723 1870
-3970 -3255
4603 1013
451 -1303
-5524 1737
-5935 -1502
-5632 1672
761 3382
4749 2259
6245 5432
2426 1775
-1997 -922
4623 -2344
5743 4019
-1555 4552
2952 1696
-1993 4589
175 3455
1529 2954
-2674 5168
-2655 5262
-1028 -203
-2204 3168
6568 -3996
3285 4682
-1753 -5726
2129 2301
3471 -4650
-4832 2100
-3500 -909
-2588 227
2629 -4784
-973 -3398
1157 4071
4614 5603
-945 2191
6412 211
-731 -2537
3701 -3947
4305 2008
-2612 5154
-953 915
-1290 5846
-6574 4934
1027 -1375
-4427 -1386
328 -5581
2747 -1346
-6597 -1613
-6005 597
5974 2384
5163 -4663
6421 2534
-3100 218
4041 -4949
2922 -480
-5852 92
-4148 -871
2304 -6563
4578 3504
3300 2451
-6240 6417
507 -544
6111 -3094
-5422 2300
4746 -1422
431 -4739
2881 3719
-5174 -6613
4852 326
147 3428
5744 204
-6641 -2212
-6424 6232
-911 -5357
-5320 -6388
-4207 -5993
6235 -3467
635 2876
-3433 -4927
-4631 -762
-2820 -6231
-1151 -5261
-6185 6658
-4880 -864
-6178 260
2729 -339
-2861 -4067
862 5077
1506 3083
4616 -5760
2524 4682
-1645 -1073
5882 6538
-559 -5908
5669 5134
-5364 5306
6106 -1204
1466 6534
-6054 -2982
3506 -1977
-1123 -632
5202 4098
-4152 -1211
1868 669
6640 747
-2855 -1120
1282 -318
3543 -5275
3290 4219
5029 4391
6014 5940
-2722 -4849
4041 3165
-2101 4902
-6368 -5464
2230 161
-537 -6130
-2976 -1034
1655 1061
966 1814
350 499
-2356 -2908
5162 -4879
3290 4118
-6573 -5765
-5122 268
4572 -3446
906 -4705
-5453 -80
-6199 -692
-2397 5825
-424 -5791
-599 3532
3696 -4971
-4616 1916
-4548 -2362
5051 -6179
3124 -724
2750 -5618
2235 1703
-4369 4786
-4159 3429
2690 -3757
-4164 4133
-1111 -1019
-2461 -5577
-1701 -2294
3207 698
218 4992
-6575 4931
5570 -5941
1999 2476
-5804 2404
-30 -2290
-2992 1058
4393 -6050
287 -5717
4148 -2549
-3912 4486
5094 5272
2712 478
-6483 3463
2536 3877
-6509 5370
1152 -1569
-2872 3187
1787 3740
3319 2537
-1049 -1852
3942 6545
5271 5615
-178 5868
-4515 -1989
-1264 -5544
1529 968
4415 -5807
-3967 -5253
-4484 -5149
4835 4907
3506 -827
-853 -5762
1762 6190
1320 -2586
1500 -4095
1520 -3506
-6492 -4857
5916 -1270
4621 1011
-6310 -5204
-5417 -4894
3484 -1083
2240 4915
-88 2333
-6641 -1116
763 -5090
-961 4931
2189 -323
3661 5538
2492 1746
4673 5872
1817 3092
3178 -5262
5028 -2048
-5738 1475
5077 340
2710 1939
-5867 5102
-280 3337
-217 -6010
6244 1069
259 -5125
-1416 -2656
2642 5553
-4801 -5292
-1994 -3055
343 941
4130 465
3504 5107
-3598 -5626
-3072 -5437
-2471 553
3513 6033
29 6500
4048 -6104
-1211 -2654
2743 -4547
970 -671
-6656 -3683
3907 -452
4792 -4284
1601 -3243
-4612 1487
3792 1347
-5586 -5430
1540 5963
176 -549
3302 4886
95 343
2103 -3034
1791 6240
4448 3572
-5862 -2041
1587 3013
563 300
-6237 6217
3566 5786
-5271 -4860
2731 -240
506 -4655
5207 6653
2986 -2439
4271 527
-971 6332
4936 6365
2325 3891
-1108 1891
1986 -5954
-5583 6385
1842 871
-3139 -382
-2303 -6343
-1313 -2648
6548 6258
1335 -113
-1647 2275
1229 91
-2341 885
-4479 719
-948 -5241
-112 -5864
-2959 -5121
-5999 -5756
-5661 -6311
-6389 405
2506 1392
-1768 3135
-1096 -6492
-6638 -1945
-6074 -2181
2872 4535
5788 5496
3864 -4505
-3148 -5473
-394 -5171
2086 -3089
2848 2234
3639 -2259
5143 -4760
2148 4295
-2207 -5102
5395 -62
-6620 -1742
4953 -5717
174 -2587
1435 -2263
-1612 1581
-4358 5239
-2794 -4649
-432 -2712
1584 -3797
4554 -3594
1086 4448
-6118 -6171
3054 2023
-2901 4536
2411 -45
33 5415
-2953 4271
-5542 -5296
1083 149
1362 803
-1696 4108
-1546 5280
-5278 -2649
5851 1509
-779 -3273
591 403
4581 3107
574 -1962
4508 -3049
-4749 3289
5620 -5792
3650 269
-3312 5663
-2930 3702
753 -469
364 -4653
5751 -2923
-4196 -399
-743 -5602
3454 -258
2989 -6504
-4631 -395
6020 2415
-2439 5470
5657 919
3704 -359
-5048 4827
-5480 -6179
5796 5467
151 417
-107 4034
-525 3244
3233 3987
314 -941
3029 1269
-5497 -1922
-3928 2145
5104 -5080
-5867 -4883
6397 4769
-4640 -6634
-6063 -3778
645 863
5290 -4400
-2758 -1410
2105 862
-4747 -2659
-5897 -91
5963 -6451
2315 4721
964 1282
-4499 2818
1025 3521
3721 -2533
-6312 2501
3013 4788
-4818 5605
-4868 -799
2315 -97
2985 2011
-3397 -1519
-957 4594
6290 5009
698 -5702
-4802 -321
-3489 -5472
4031 -368
-2675 -6196
-218 -2992
2852 1906
-1168 -5604
-2289 -5412
6068 825
850 4957
-4384 1413
-4332 -3666
2165 -2869
-1880 -5292
-4828 1140
3419 2242
-1768 1504
-4683 3296
-760 -3279
5227 4419
314 536
-1494 -228
-247 -4161
-4828 -3229
-4998 -5911
-4309 77
5579 65
5779 2057
-1745 5070
4195 4511
105 1707
-5866 6449
-4929 3359
2188 2716
2977 1491
-1165 1590
-3361 -2760
-2270 6141
-3988 -6257
-5550 815
1675 -997
-4700 1355
6612 -925
3467 2876
-4755 -1958
6507 -2482
2007 -2105
-917 -3499
-1572 -5214
-1712 -5312
-5666 4762
-1183 5783
-4521 2132
5281 6299
-3454 3563
2307 3072
5155 1047
6359 2463
2494 -3136
-78 -3971
2877 -3007
5332 783
4502 -3905
-1117 -4480
391 3868
-4177 -2014
-4886 5894
218 -2326
2933 -4568
-3039 -4263
6335 2626
6549 -6563
3884 -2425
-70 613
-285 398
-5959 5628
3604 1415
-1340 -1763
-6077 4573
-4807 -6494
-909 3900
-1962 -5075
3159 -544
-877 -1853
-2192 2568
-391 -6508
-268 -3196
2687 -4656
2347 -2182
4779 -3443
-5860 -1485
-903 2663
5922 2674
-4484 -2648
5978 -6529
-2619 664
-1301 -6619
-777 -1969
5688 1891
5993 1626
-1714 842
-2225 2139
466 -6157
-6058 -893
-2264 -3785
716 -5409
-2327 1931
2739 -1671
4366 -2658
2638 2477
5750 1473
-4146 -5923
-3906 -3979
-1958 -3297
5962 -1815
5663 2746
-4742 -566
382 -5536
1640 3363
4578 1909
6618 -922
-1407 2552
-1738 3235
-6343 4031
6181 536
-2196 1500
-5636 2469
2062 -2299
-5802 -5928
-2466 -2785
-3385 -4802
-2655 -3650
5654 -605
729 -6541
5734 -3139
-101 -5521
-1731 -2070
303 5152
-102 3557
1582 4715
4653 5913
-3498 5851
-4348 -1106
-4835 2367
1975 -5008
5112 -3950
-342 -5001
-5378 4153
5783 -6345
3158 5659
-2064 1040
6250 1086
1339 -3832
-1221 3978
-4056 -761
3953 -1131
5776 -994
-1408 -2830
2823 -4945
2028 5784
-5571 4781
5898 6565
-191 -5136
-1209 -5252
-2007 -6318
-3615 -5525
-527 4479
4353 -460
-2812 -4270
4666 4158
-4194 -4840
5919 -1477
1587 -2779
1645 -6030
5127 -2865
3895 -802
5940 1318
2722 5661
-2173 613
-1148 3603
-2660 2821
-6500 190
949 -2368
-4029 1195
-117 -2905
6313 1030
-1735 4744
336 2580
-3171 -3493
938 -1693
1188 -139
3048 -5933
-3070 1018
2791 445
-2818 -61
-1817 -274
4924 2959
5302 6632
2344 -504
3907 -2389
2867 -713
-3551 -6528
4810 -3379
-5564 -3178
-4377 -1979
2792 -4220
-995 -169
-3854 -4611
528 5509
4351 1565
4050 2411
1203 5667
-5448 -5475
299 -5497
-322 4274
5342 558
5623 -132
-1161 -2764
6306 1299
-3509 -6097
1463 -5204
-2097 -4475
2621 -4480
889 1704
2573 1623
-3309 -3452
650 -527
40 4185
6071 -3513
-1960 -5289
-1654 -5288
-1504 2012
344 -5056
1627 4953
-3675 4491
2484 -6649
3884 -1594
1339 3559
-1216 612
2686 5094
-5054 1405
141 3125
-1425 4443
1195 4915
-1294 6356
2450 -4959
-215 -4568
2632 827
-1402 5827
-2668 -541
-2185 454
-3896 -5094
5132 -1034
-787 -3898
-3047 3999
-5346 4516
2232 2104
-593 2571
-1207 -818
-1121 4365
-2278 188
1826 -6512
1475 6260
4721 2730
4659 -959
-3821 -6201
-3569 5318
2083 -1487
-6507 5133
2011 -414
2627 -3554
4284 5801
1731 -486
-3098 6369
4982 757
1678 -748
1093 -759
-4489 -1748
-3063 2237
-558 -6343
2179 6314
-563 4560
-6129 3758
6192 4327
-3372 4107
4594 -2684
4015 -2737
109 -5011
3445 1303
-584 2876
-3141 -5219
5886 -166
6167 3320
-6114 1076
2397 273
2516 6418
-5817 4586
-586 -1462
-5458 2320
-4751 -622
1572 1628
-466 -3861
-1300 966
-1627 4995
-3243 345
4778 -2675
-3148 2070
-4495 3246
-3666 4103
5043 3913
3461 5823
-2627 700
3073 -3997
6128 -598
5557 2761
-2892 -2430
-5262 -4689
3774 -222
-6361 3946
-3642 -4390
3752 1392
1860 -1510
3428 -1346
-4421 -6503
-5639 -1524
-5220 5588
-4892 -450
1817 -3603
3957 -5413
-6026 -5635
-3261 2045
668 -317
1910 1314
5302 -4502
5165 4470
-944 164
-772 -5596
-2756 5355
4432 -4235
5526 -5197
-4281 1866
6605 1803
-4975 3991
1361 -6389
4652 -432
-4948 846
-6048 5678
-4131 -6628
-5083 1002
3146 -5897
5654 2680
5834 5532
4024 -5452
1884 -6223
3748 -151
-858 4923
-4741 -5088
1735 -1532
3606 3557
2559 -680
5684 -4614
5837 -192
-898 1043
358 6499
-1704 -5718
-5958 3274
3521 592
-2899 5462
5019 2200
4445 -3511
-5364 -775
4594 -4842
537 3456
5759 -1633
3957 -2129
6341 710
288 5018
515 2421
3471 -2606
6159 469
-4044 -396
-898 900
3224 2098
973 577
-4866 2944
-2036 -3569
-268 4084
-2239 3683
5152 5219
1976 1161
1888 1761
-5323 5174
1073 -3344
-2354 -3269
1047 -804
6338 3562
-2148 624
-2854 1746
5264 -369
-57 -1625
0 -5760
6522 -6579
4379 6497
-4439 2216
2077 -3537
-1938 3385
-745 5265
-2753 317
22 3694
-6503 990
1861 6123
-5001 4266
-23 -458
4702 4116
6182 833
-2456 -103
-2045 -1245
5242 4148
-3371 -6258
2620 2681
-3005 5323
-601 -1553
-6048 294
-1895 -6053
-4839 4738
2043 -3006
5319 -278
-6042 4610
-2299 3764
-3992 3192
-1440 1887
5017 -275
45 -2301
288 -4487
-6092 1634
-2057 3880
-5039 -1522
-4257 3300
6583 -6030
2347 752
3890 3603
1638 -3254
203 -3251
-595 -6501
-898 -760
-3659 4362
-2311 851
1313 -686
-3309 -2511
2197 4623
3018 -5463
1572 4820
409 1148
1228 5104
461 -4711
-3888 2292
-3680 2642
1673 2459
4667 -4165
-4762 45
-1701 3793
2021 -3442
1570 -2341
-243 -6336
-2308 3085
-783 5461
-6530 -1316
-5407 4720
3812 3760
1028 1227
1606 1788
-90 336
1933 2753
2583 6553
-423 4154
6396 238
2119 456
-6256 5584
4245 -5881
-5284 -2019
5550 4654
-2697 2218
4147 -4481
-866 3005
-4982 1951
4691 -756
5414 -454
1965 3529
2923 3374
-4155 4990
-4828 -2580
5528 -3060
3434 4136
3246 789
-4205 -6087
1598 -5654
2147 4239
-6547 2626
-3355 1695
-1637 -692
3252 -3434
6142 3608
3321 3183
-1795 723
857 2485
3976 -2727
4398 -112
6323 6554
-5514 -5051
6638 1728
2345 2601
3521 -1616
2070 2424
2371 4628
1931 2406
3158 -6529
3778 -6343
-2986 2312
-3860 2530
5600 979
3344 -3391
536 -220
2913 4357
-3153 5695
-6438 -1782
4407 -1836
6063 949
4643 5925
-718 -1665
3139 -3628
349 4719
-1230 -1121
-2097 4486
6647 -6442
-5942 2622
-4502 -6434
-2633 -5859
3459 5766
-4253 -1166
6205 -2149
4990 4475
-5250 3404
-1511 -1735
3497 6343
-6210 2973
5878 -3785
1617 -2421
-1838 2456
-357 5524
-4576 -913
3304 -2959
286 1295
2619 2021
-4945 -1308
3972 6532
-2120 51
5806 -3871
234 962
-6127 5732
6326 -4112
4971 -785
-1581 -608
4828 5137
2000 4670
-4279 5113
1435 -2480
-518 -5428
-6607 519
4835 -939
2008 5562
-1963 5874
3060 2865
-912 793
1138 -2108
2505 -3590
412 4348
4915 -4857
-367 4675
-1548 -6578
-1336 6197
-1097 3476
-6187 4348
-5763 5879
-4043 1131
-4210 2618
2045 3589
4430 -2841
645 -2925
622 -2040
2117 -1873
4054 -1437
-5919 1721
-1582 -2614
6102 1049
330 3667
4237 -5413
-5337 6038
6066 5273
-4744 3498
-3177 6568
-32 1921
3934 191
-985 2559
-2760 334
-1098 -1006
5531 2471
893 2335
3367 4883
-3681 -2225
5447 -5630
4349 5650
-4151 -2402
-5486 -3229
2742 -3794
6268 1843
5880 474
-5439 -1925
-5849 6331
366 -545
493 3839
-4868 -6197
-1882 -4728
4772 -259
-1322 -2420
2163 22
2999 -5962
-6231 4356
5000 3198
-3984 4851
-567 -3403
378 3867
724 34
2804 4061
3547 -3487
3097 437
5762 -1006
3221 4169
4321 -2248
-3185 -1993
-1869 -2898
-1127 6377
-4871 -339
-5442 -20
-2431 -438
-3901 -2000
-3895 -3893
64 1066
6658 2644
638 4733
682 2114
4529 -31
-3890 4080
-3542 3749
6296 1341
-5810 6232
884 949
2078 4299
-4081 1055
-4608 1255
-6193 1740
4403 2478
3764 -5396
-2821 144
3363 -762
-3285 -3178
-1510 4723
4695 1057
-4355 -2417
835 -1925
-2764 -5653
-3230 -4608
471 160
-6550 6456
-2844 4911
991 -1206
1675 -1674
3278 -3578
4460 2163
6286 -3653
4893 961
5727 2266
948 2801
6333 1917
2847 -1799
1722 -2111
-5289 1948
472 5002
-1866 5984
702 -2609
-4995 -5205
5447 5080
3509 4785
1114 3175
4617 -930
-2011 129
6343 -834
-4925 1546
3072 -1649
1558 -4029
3907 -1830
-2802 5805
666 6202
-2746 -3545
2823 -3456
4256 187
3337 -2185
5562 1142
-3980 -3206
5676 -2041
-4965 2486
5600 -2847
-2814 5413
4867 349
4258 -3081
-1475 -1484
-611 3272
-1952 2980
1423 -629
1782 -316
4529 -3163
3908 -3528
400 4620
847 3214
3625 3569
-2562 1201
4220 -223
5140 1622
1266 -1861
1255 2906
-5062 -5741
-5234 -6607
4233 6160
1100 2448
-5659 -2738
-1901 6496
954 -1261
5496 6412
-4517 -3932
-6480 -3926
-1547 1202
-3752 -1462
5056 1854
-4663 2950
-3195 2654
-3569 -1344
-3411 2998
3853 -352
-5579 -302
2557 -4218
1158 -779
6285 -2757
-2494 996
-5766 -4617
2249 -3442
1841 -294
-6327 5995
-5337 -5852
-5201 3168
-2372 5756
-3602 -2190
-4705 2245
-4937 -692
2066 4872
309 3622
-2004 6430
1319 1472
2467 -5851
-6032 -4100
1377 -6029
-1263 -5968
-6555 2639
3494 -5544
-2052 -2584
-4917 -4954
2826 3203
-6316 -3998
-4544 195
-6081 2900
-4937 5197
-39 -2119
-4295 -3616
-1356 -2889
-1189 -5353
-2169 -4052
-2446 4633
-5972 6638
5342 1939
3170 -3366
-2588 -3729
-1420 5689
-2216 3662
3342 3166
566 4237
1091 -2973
4540 5293
-849 2628
3343 -492
-5339 2777
3525 -1954
-2369 -6152
-564 1704
1575 2735
-2750 3219
-4338 2790
-2932 -2816
-4325 -6492
5399 4046
-5574 5446
-6350 -2025
2222 -4848
1570 5044
4694 -1774
1281 1544
1939 5319
-5809 5528
2940 2513
3071 -1938
-788 -5777
-1736 -6037
-1697 3390
307 -1503
1124 -6214
4606 3142
-2967 -4138
3775 3555
664 945
-66 -462
-2221 5247
-4070 -6559
4092 1791
-2232 -6514
4378 1735
-2786 5122
-4192 -3459
184 -3135
2806 2443
-3439 3765
727 -1316
-2947 1612
-4367 973
-615 1668
4143 -5049
2788 5740
638 4470
6408 -1979
-4229 -543
-2744 -6481
268 4845
3327 6177
4612 2006
-2479 3160
1923 4166
1304 -4917
4657 -2763
-6241 1993
-4261 883
-5038 -1791
-1906 1257
2663 -4178
-3456 3549
-2122 3318
-3994 2457
-1638 -897
-3355 5382
-4417 -3603
3245 6477
827 -708
2780 -349
2718 -247
-5869 2021
1785 -4634
-2762 -4098
-2301 -2383
-1008 -5841
-5202 3833
-3522 -2985
1541 2572
-5133 -1529
2835 5586
-6083 3763
-5806 -3845
371 -3982
-3305 -6420
214 -6467
1693 -3046
1406 -4180
-2429 1350
-5606 6550
-5837 2872
1023 4825
3807 5696
-870 6272
-5356 -5768
-6536 -1279
-4864 -3139
200 -6056
-1252 -2296
-4304 239
1093 2883
3434 3985
-1506 -2263
3114 -1704
-6406 1441
2511 -6446
3631 2163
2745 1303
3679 -792
4232 -400
-6196 -4711
3951 -2028
-4239 -1305
4653 3422
1542 5169
6632 -1046
6031 -729
-3972 -3940
6094 5033
263 -685
-1626 5678
4601 4517
-1913 -4448
-6239 -4821
-2220 4042
-776 -1180
1683 1274
-3809 1196
-5412 -1271
4143 -94
915 -5449
1637 2188
6229 3355
2621 1682
-3156 309
4902 -1045
3142 -695
4719 583
-4445 -5020
-5288 1580
5515 -4921
-747 -706
-6350 -405
4419 -3094
4197 -188
3246 -2024
1246 -6273
-6460 -3159
-888 4285
-4450 -348
-4201 -3088
122 -5833
-4833 -3890
1294 3105
-6563 -2409
3950 -822
-4336 -4257
-6158 -3405
-2216 -3799
-6085 -2841
6548 -6662
911 5755
-377 2446
-454 20
-1850 -244
1525 -4355
725 61
-6611 5443
-2239 -1579
464 309
-4824 -925
-2464 -3149
6384 -2003
224 -165
1537 2249
-5670 -2448
6307 -763
3798 -1757
-823 5669
1236 5709
6184 -3997
-5035 -4455
-4571 -6484
3210 -3180
3611 -2889
2741 632
-3079 -6338
-4097 -6313
-1461 2348
-3329 5002
5070 -5895
6360 3890
4182 -680
-395 -2687
-4255 230
-2101 -1902
2102 -5530
4663 5445
3092 6248
5801 -4127
1448 -1742
3014 6052
865 791
-2806 5645
2367 4510
2497 -5041
-5413 -6658
1743 5520
-3078 3936
-2924 5046
4541 -5162
6531 4920
-5837 5142
-6209 4977
6272 5769
1753 387
2706 -3517
3878 -1246
1910 -1559
3927 -1101
-2515 -4593
-1940 6111
-4336 76
3256 2000
3986 -1357
-674 3733
-6514 -3256
-4829 4116
-6666 6546
6556 651
234 4798
2699 5023
1533 1614
2305 -5533
996 3135
-3672 -3509
6213 1169
4758 -4930
6587 6297
4719 3092
873 -2458
3848 -4129
3211 -1592
2901 3835
-40 -915
-5121 -816
6285 -5404
4645 1314
1449 -1310
2973 2457
5110 3268
-1001 -1656
250 3136
5030 -1342
-1647 -4127
-2339 2102
-876 3273
2509 4167
386 4163
6508 2436
3759 5034
5053 -5831
5108 -1700
1308 4338
2015 1289
4937 -1128
608 -886
916 -5416
-5998 4523
-4309 572
-5337 -2125
-2016 2544
6323 -6313
-5116 4871
-2275 3552
489 1817
-2841 1880
4415 6071
3424 4254
-2555 -621
-1164 -1801
1627 -6605
6560 2818
-4569 5550
4582 3752
1264 -1952
5261 6586
5967 4807
-572 1842
1590 -5562
649 -2006
-2949 -5913
1959 2316
1341 2233
-5999 6011
-4478 -4737
-3109 -6584
-5821 2589
-5260 -1596
-6398 1786
-1520 -5546
-6019 1868
-732 -5169
6265 6155
4771 -3996
-2382 2867
-6044 780
-560 1561
2671 911
5250 3540
-4355 2334
-4287 -2307
-2801 6143
4774 -3445
-3700 -4900
-2470 -2621
-1773 5469
447 -3649
-1490 -6026
-5430 727
4727 -351
5668 364
-4850 -2921
1944 -3236
-153 776
-64 4416
-130 -2808
-4100 -4089
-3176 4126
-3367 5604
-4903 678
360 -3375
2396 -5821
-5021 6028
-2475 590
4288 6204
4379 -1873
2817 4012
1110 -2735
3228 -4238
-3254 228
-3098 -505
-2432 -238
5009 2703
2202 -3013
-5982 256
-5633 -5214
-392 -5972
-1066 6506
6265 2304
3556 3127
-138 -2858
4852 5328
514 -2233
1425 -3075
6331 4829
-664 6128
-4642 -3046
5671 -2236
3004 1060
2478 -3779
2233 -2095
3385 -4389
-2832 964
5163 3581
-2629 -3209
-3444 -4757
-3220 -1696
3313 -2979
4584 -872
5059 3516
5332 -6218
2962 -6120
-4443 5174
485 -2539
-5774 -2480
-3825 1866
-5708 -3846
-2531 6551
-692 5689
1116 -4923
-931 1310
-4146 2471
-5097 4662
6302 4179
1895 5800
349 -3627
-1313 2645
5676 758
-1208 6083
-2308 -3013
-5942 -4510
4519 2500
4248 -521
-2023 2878
3336 -2
-3803 -792
3174 1225
-6515 2216
5133 -5268
3069 6319
354 -4300
-4991 -6627
2560 -5016
-5097 5915
-5935 -4853
-984 -311
2258 -4744
4782 1910
-6135 5900
5644 -1595
-2395 5894
2520 2731
2543 -4560
-5806 3762
-3915 -2766
5573 -1834
2246 -6384
2793 -2401
-2510 4573
779 -2954
-1912 -5292
5556 785
2957 -6023
-3057 5761
-721 -6354
578 5487
1507 -4411
-5090 945
4408 -3599
2100 -5068
743 -2233
-4854 2987
4228 4548
3498 -2656
-4943 2062
2814 -2949
1945 650
4451 704
4664 -977
3688 -5079
-2329 1150
-4402 -4979
-1189 -1831
4228 -2313
3707 3430
-5969 -4574
-3531 5469
2496 5923
-2665 370
-3703 6109
-2118 1642
-3440 -2625
-2235 -4268
-4448 5082
261 1302
3747 5471
594 -6275
-3772 3111
4324 6265
-2617 5339
-3577 2724
-477 3483
-1666 -312
1039 -6008
-6359 -172
-266 -4063
-369 -5621
-6390 -1997
5382 2921
4747 -1903
-6328 1933
-1444 -4636
646 -3110
702 -2261
-2766 2711
-2679 4825
6245 -5981
-5846 -4114
5782 -3354
235 -3916
-403 1881
-1601 4078
-1659 1547
-5067 -5870
5675 5392
3969 -4197
-138 -1091
-1071 4429
-1871 3038
-36 -1241
1098 555
3031 -1058
4571 3929
6210 -5374
2633 -3893
5581 2965
2694 -974
-3746 -340
-3574 -5371
4204 2822
-6105 -137
4525 6127
4840 432
-1615 -5628
1057 -1894
4331 -2098
3851 3049
2878 -971
3841 5942
-3314 235
-2917 -5289
5287 -6054
-1866 3970
3305 3682
675 1983
1144 -3642
6336 -3408
3763 2205
5654 -1756
-180 -4564
-1515 1571
3494 -1228
-2196 3655
1267 -1698
4204 421
5951 5119
-4965 -697
-3065 3541
2156 -3705
-4402 -4313
-4414 2175
-5155 -4444
334 6047
-1593 2383
-2937 -5703
2171 -256
508 -214
6522 3517
6307 -624
5313 -1484
-6485 1270
-6251 -6437
99 274
817 1477
-1287 2457
-4779 -6240
-3304 3979
-2891 3110
933 -1098
-2111 3547
-1803 752
417 1290
-1737 -688
1857 -509
3753 4092
-1827 -3365
673 -4064
-799 -4946
264 -1779
6599 -648
6129 2455
3637 1193
-2747 6379
-4220 3588
-5782 -624
-2317 -5541
-768 -25
-1089 -4053
3931 251
-2685 -741
-4423 -4777
5709 -1833
2284 -1260
-5867 4294
-5443 3949
-11 -2691
-2896 -3504
1686 6488
-5121 -1435
-5258 3435
-6016 5226
5971 -4247
1384 -2122
-1950 -5208
-2601 -3753
-6576 591
4921 -6269
3162 3825
2663 -2455
3081 -5478
6381 -1528
2736 -2636
5380 4994
2912 -3314
4904 -64
589 4302
1732 1087
3642 6609
3576 -2755
-5729 -2554
6262 1154
-3251 -199
5970 -2549
-4855 -3801
-6167 -6245
-3375 -2480
3516 -320
5966 3408
5741 1907
239 -2627
-6299 -6566
-4044 3049
-6660 -1533
-2370 4747
2441 -2265
-6615 5405
-840 -4303
6567 5079
3951 -5569
2315 6420
-4475 2318
-1950 -3054
4780 -4330
-3156 -5457
-5989 -5268
5962 6007
-1317 5541
6186 5079
-940 -4250
-5760 -239
5653 -4116
-2754 -4625
5770 -5852
1529 -3514
-4869 2922
-5298 -5839
1847 -1613
3349 -5001
36 -1920
-1421 5074
392 -2157
-1581 5256
-5028 -384
5998 -2331
-3147 4862
-845 6454
5262 -1566
3751 -734
-3185 4315
6327 5962
-6513 4721
-1621 -5696
-5388 -2675
-5440 -915
3520 2091
3754 4521
-3876 5822
1991 2996
2065 -4109
-514 3303
5721 -2063
4098 4838
4358 -4329
-6498 -2467
4056 887
-1638 -2679
4036 -1502
2128 -3063
-3322 1371
6427 -4846
511 -240
994 4274
159 -6540
-6234 5645
3835 4806
-6549 -324
5709 649
169 -6534
3740 1420
-3521 -829
298 5422
1075 -416
-3828 -202
-2564 692
5275 -362
6403 1030
662 -6650
1630 4266
-846 -4247
-3127 4829
1862 345
-2598 -310
4567 -1117
4506 2765
1916 -282
-1297 1719
6054 6358
3952 314
-3005 1041
5169 -591
5343 -5221
1315 -255
-2000 -4667
-294 6306
810 1242
484 4048
2101 33
-3107 -1878
-2242 5397
-6373 1705
-4898 -1860
-4432 4588
-3788 -995
2518 -1050
-2018 -1811
-4434 -4531
-3802 2991
-2633 6205
-2403 1723
-1364 743
-6132 5343
-187 5346
1549 -1732
-6484 -1710
-4884 6493
-3246 4465
3888 1138
5178 -4267
-6633 -1118
-1660 -6527
-5016 4080
-5093 -207
4862 680
135 528
2231 5410
-2120 6469
1446 -2988
-3886 -4026
1578 6325
4906 -1279
-5814 2011
2485 3764
6573 -3295
1679 4982
1157 1717
-973 -6264
1561 -4909
5516 5181
6067 4457
1240 -5297
-946 -3843
6269 4252
1035 -1254
-3317 1723
-5397 -980
-1926 6484
-6447 5336
-1204 -2469
5833 -3625
-4741 -2625
4262 -3221
4897 -5195
-4353 4476
5756 -361
2252 4478
5010 5928
-405 604
2013 3398
4503 -79
1526 -6405
4078 -5289
-3929 -2810
6177 3394
-300 2234
2048 -4774
5479 6488
-4930 -6455
-4358 3616
-448 2364
3367 6381
-3100 4439
1813 3279
-242 2264
-640 1758
4757 -3216
3356 -5534
4500 1963
-2009 -5010
6061 -3349
5255 -447
6644 -1458
-5390 1110
342 -4965
-3004 -1016
-40 2425
-4537 3830
-5468 -5089
-5272 1037
6487 -5141
-4731 -942
2415 5791
928 -913
1409 6219
5635 5912
-5084 -884
1560 3040
2087 -4850
964 5236
1217 -2190
734 -1735
1264 -4795
-4800 5616
714 -6660
-460 5359
-2231 -4346
-3927 -3104
5802 -3058
-962 750
4717 -3539
-3152 4523
2161 -1661
754 4789
-4784 -2583
5562 4738
-126 5304
4675 4020
-1100 1456
5108 -6086
-4613 4048
4745 945
2633 5455
4147 -1252
4285 443
-4808 4624
2048 5212
5513 602
4922 -4586
1020 2104
3915 1254
-1202 694
6201 1164
-656 4023
6008 5474
3762 -563
-471 4897
-1788 4368
-5519 -4725
4573 -3370
-5062 41
6268 1084
-1268 1874
1558 -866
-5297 4973
-85 -2503
3774 -554
-6222 -3941
-2206 2575
-5358 -2081
109 -4903
-893 -5225
-4833 627
-6149 -2589
-2241 -330
5142 -2233
-4120 -305
1855 5714
4473 -614
-2383 311
4046 1858
-5630 -1313
-5240 -5015
-354 -4339
-44 -6403
6510 -2768
3094 1702
1800 1060
5363 -3818
4949 -6270
-5380 -3263
-3644 -2073
6267 -3098
-2416 5975
-6648 897
-4298 -463
-128 1121
-5973 5268
1212 1074
-5077 6204
5702 5165
3600 -1310
1232 -6456
-1461 -5370
891 -3283
4168 -1142
4926 1449
4753 -5250
6301 -3964
1792 1199
-2841 -233
530 755
3473 4687
-5434 -4622
5180 1121
-5829 -3731
2418 -4907
605 -2434
-1502 -4250
5396 366
-6433 -5738
3542 -3131
6246 -1014
-414 1086
-2777 -4988
2193 2597
-1277 6227
6194 3117
-2814 1355
4379 5694
-245 2079
-5339 2975
-1466 -5269
4924 1006
3244 -3009
1152 -1640
-3755 -5611
1151 3711
527 -1929
-522 4994
1317 -1381
5874 6585
-1417 -5947
-3835 983
4388 -6531
4563 -1897
2404 -5560
3037 -1348
-3146 2307
3333 1367
1530 2812
-6037 3907
-3842 2877
-5553 543
753 4301
5761 -3592
-4758 5189
-700 -5209
1653 -6108
-3384 -2745
-3836 -3089
2260 6365
1632 5573
-4678 -2496
-5442 -3743
1984 2876
-2877 -4365
-5306 848
-5087 -953
-6410 395
4287 -6519
2479 -6199
3363 6597
1641 715
3888 -63
-3565 3377
-2024 1108
3984 2785
-3010 6388
-3090 2276
-3467 1892
-264 -5025
-1833 1419
3583 -5102
-4843 2429
-5216 -5157
6200 4960
-3621 4190
4424 1590
-1889 3066
5619 -3413
548 -666
-3676 -4307
2292 4873
-932 4669
2571 4256
2042 -1935
1488 5641
3845 -3663
-3089 312
579 6095
-6393 -5999
-731 -5041
3587 -3532
-1792 -4209
6631 5762
-1782 -1550
3256 321
5421 -2825
2451 -4651
2832 5076
3118 -3393
4723 -2830
4850 -5268
4384 98
-6332 -112
2579 3323
-1656 -139
647 -3425
-3730 -5266
5539 1699
-2168 -2071
4098 -2992
1570 3405
518 -4395
-4234 2141
957 -4188
-1262 1032
5921 5142
140 643
-5614 -4042
2218 -1701
-6403 935
3323 6287
-1470 -218
-4032 -1704
1618 -1312
1717 -6098
-3285 619
-4792 864
-2091 -5426
-414 5053
-2843 1951
-1007 1110
1359 -5207
-2950 -6354
-507 -2621
-6366 -4573
-6221 5961
2248 -980
5487 4759
-6402 -4995
-3979 -328
1001 6555
-6100 -5484
-71 -6484
1596 -2117
3968 2429
6191 5446
-3846 -4370
-5536 -859
-2020 -4113
-3610 -5304
-4971 -306
-2351 -1028
1530 -4323
5130 -4771
2785 1251
6030 -2225
-2228 -6026
4523 -5860
-5796 4055
3291 -3792
-1655 -2178
524 -1543
5200 -1414
-3625 4748
-1960 1390
6136 -4878
-3773 1398
773 748
-6379 5746
5447 5122
6528 -4698
3305 6328
158 6118
1834 5139
-792 -2949
-4255 -6235
-1810 -7
3664 -3315
-2850 -817
-728 5049
-1620 2717
832 -3923
3092 -622
-245 5610
-2985 3928
-1202 -1421
-2799 -2701
-6122 5538
-4333 -1846
3453 -3293
-1174 -1055
-581 -5020
5018 -3754
-3173 -626
5734 1834
3041 356
6192 4307
-3044 -1476
-2471 1016
5579 -5246
2916 -3203
1920 3278
3222 2592
4825 -4179
4509 3792
4711 -5091
6319 4724
-4185 4487
6386 5758
-1064 2640
-5943 -508
1946 -2147
-5288 -4194
2025 -6368
4153 -4431
3600 2918
1901 -3867
2592 3777
-4285 -4927
4264 -2201
-392 1950
5313 2684
-2345 4582
-5856 462
2560 -417
-41 -522
1262 320
-2043 -1730
-3452 5403
1264 2779
-3047 -5834
-6450 -1618
-2744 5595
-367 -5161
-4820 507
-5315 -1028
-74 -3247
-3993 -149
4843 -2746
4657 1287
6512 -6018
901 6423
-4129 1022
754 -4126
-2984 6496
-2391 -2446
5960 3148
2868 2967
4977 -5951
2905 -5231
4824 6538
-378 -6289
3801 4203
-1420 -3568
-4063 3350
-1349 -1111
3926 -2908
479 -3116
-4221 177
1059 5144
810 -2312
-1631 6417
-2753 -2604
-6630 -1297
431 2234
6645 5415
-2769 2681
-3016 -3401
2281 -1159
-802 5995
-4971 -1311
1792 -1265
6524 -4410
-4883 -5521
1591 -1761
-2701 -5901
5330 2794
1896 -5294
6260 332
-5421 -5506
-1635 -3900
2798 -1167
-5642 -6339
-946 2427
5786 -6247
1731 5646
2254 -5703
792 6500
-1260 -5304
5615 6369
-3383 -2462
-4386 4299
686 4168
-2418 -2034
4491 3922
-2942 -547
-437 137
-5649 -2714
872 -588
-842 -475
4113 564
1095 2703
-6211 -3589
-3264 1401
4378 4839
-2854 -3412
213 2277
-3485 4180
-3639 -3959
5861 1950
6135 -4662
5748 -3764
4188 4044
-4669 6581
4148 1742
-1671 -3566
6434 2775
-3423 -5311
1853 6474
5084 2863
6622 1654
-741 6045
1107 5202
-5109 -4279
-5452 -2148
-1789 -4045
1433 -3040
-36 -5629
-1559 2728
4142 2731
936 -2333
5309 -4764
1296 -4237
5174 -3996
-5295 -5529
2340 3855
1363 5986
-788 5860
-2598 934
-6662 1106
3481 913
3815 -518
-3334 -287
63 3596
-5432 -3694
3562 -1375
-2641 -587
-3452 4886
-3381 112
-5075 -2078
-3352 5596
6047 -2449
-2802 3890
-4695 4024
-3422 -698
2159 -3936
-2565 -4920
2900 -4422
821 3061
775 -6142
4187 3433
745 4027
-4415 -5587
-3796 1218
6366 -5053
4911 -4741
-5309 251
-5209 4001
2100 -42
-3122 5408
2155 -1324
-633 3196
-3272 -4584
-6598 -2504
-1069 1676
-2126 1978
-1706 -5357
553 -1089
-6180 -1359
-3855 -6396
-2789 -2064
-1412 -293
5219 713
1532 3466
-3246 3995
-2354 -1581
362 -696
-2649 -1352
1052 2194
4294 -4635
5401 -1227
1507 -1680
591 -991
5555 122
-350 3280
-4054 -1707
-4801 -1378
-2882 -169
-6007 -2199
-6394 3077
1214 4344
2368 -4989
137 3304
2873 5437
2809 892
2263 -3812
-2654 6108
-3801 -6546
-5844 -2519
2696 -5284
3363 1391
2890 -1592
5751 -1578
-627 1073
-3852 4208
6057 -3155
-5087 -5440
176 4008
6457 1340
3737 127
440 2201
-1633 -2822
-5411 3979
-5819 -1841
1441 2881
3297 6625
4628 1238
5302 -2720
331 -2704
-4731 -918
-3806 1169
-5030 5652
-3342 69
4576 4446
-6323 -717
-4544 6151
-1571 2016
-5291 -913
6325 -5441
-4609 -3242
4275 6576
3052 3321
-847 -370
-783 5117
-3556 -6255
5759 6382
-5318 5129
-2527 -2742
-2036 -1824
120 -1098
-1141 4878
-5416 488
-6031 -5224
-2236 6211
4463 1896
812 446
-2807 5139
-4635 2483
5352 -4750
1708 -1000
4303 -1855
2841 -960
-5127 1074
-1599 6296
3056 -1942
-4270 161
1774 1080
-1282 -6344
3627 128
5050 -279
3616 5245
-867 -6038
774 353
-1987 5336
-2315 1990
-2440 2886
163 6080
2888 -3337
2734 -4138
-3034 943
2198 769
-1961 4548
4899 -616
-172 3051
-3321 -3739
5127 4328
-5560 5739
-6580 2252
-5030 -791
-182 -3358
-16 -4383
5931 -5727
6320 -1658
-21 -4266
277 4896
-6582 2915
-1637 -764
-1946 5265
-6576 -173
-2406 -393
1776 -96
4263 -5047
-3035 -284
1112 -2863
-891 571
640 -1960
5457 -6228
355 -2465
-2220 -5733
5903 -3723
-1113 -1214
2386 -5863
-6099 4928
-2175 5723
1909 4323
-597 1136
277 -338
-233 3389
-6069 5392
690 3979
5227 -4820
-1950 1378
3355 2638
2074 3920
-4412 -1604
-3175 1859
-678 -3314
-461 -3257
3869 -5475
-2890 6206
-5708 3324
-6315 5657
6248 -3983
6657 -1690
-2547 -3812
-1655 -4982
4736 5653
659 -4621
5635 3607
37 -1782
167 481
6615 6253
5053 -380
1586 6409
2698 3246
-6627 3874
-2781 2494
3244 4731
-200 1322
4326 5258
-4314 -5930
1307 -3967
1754 6479
1454 5639
-6370 6612
4237 -1240
4646 2147
-6478 -6556
-4412 3826
-385 5685
4195 4852
-4877 6095
-6624 -3963
5260 -3206
-6251 -192
3209 -12
6161 2877
4517 6344
-224 4024
4463 1298
-1952 -3204
5707 4087
-5136 3563
167 4287
6480 746
-916 3997
-5123 4979
-4758 3778
1492 -6635
-2047 490
-6378 914
4782 1795
-4215 -5010
3955 -1185
1672 -3471
-1911 1703
5638 1173
3189 6281
2699 3438
-6453 3184
-4012 3699
6498 -2355
632 1140
-2346 -1957
-3662 5765
587 1337
-2349 -714
1562 -6484
837 4665
-3354 -150
-3647 775
-4888 -3591
-807 -4696
3133 4298
-592 -978
-1632 -1926
5082 -5454
2732 -3528
-6607 -3946
3992 215
2060 6401
132 5065
-3219 1447
3777 1530
-6359 -5299
-6013 -3937
-1229 -1246
6017 -1486
-2455 -3380
6365 3969
2287 -559
3710 441
-2563 3689
-3628 -2807
-2199 -2352
263 5163
-1156 -3025
4600 -2392
1327 -875
-640 2423
2561 3103
-4916 942
-3412 4331
-1001 4657
2235 -2236
-5249 4669
-5326 -970
3028 -1358
6106 3404
-2953 -3264
-2130 5726
-3150 4630
2919 -5599
3047 -1557
983 -4072
-6045 2990
5336 -3581
86 1515
3507 -3420
6629 -4981
-2486 6585
-2133 -687
5949 3998
-5846 -2089
183 1177
2090 5566
3657 -1367
1843 567
-110 4133
5569 -6075
4815 -6000
-2421 236
-4252 3072
-3151 -1645
5938 -217
5851 -12
3672 6143
-338 1023
4867 5763
5958 -6312
4801 -298
-3453 -5640
-2071 -79
-5625 5134
-1931 -6501
3302 3946
1267 -5969
-2041 -5294
-3049 -6639
938 5573
3002 3430
-2013 -6504
-2957 -5297
5129 3131
6224 -5715
5022 -1712
-5528 -3120
6503 667
2824 -1647
4619 700
1808 -1629
-4906 1943
-1845 -4749
529 3819
-5190 -543
2292 -2507
6525 2221
-4604 -320
3333 -927
301 5844
4191 -1937
2300 904
-254 -844
5752 -4419
-141 1230
-6207 6507
-1828 3161
832 -5106
-3994 -4568
1765 -4795
4565 -4591
5227 1976
1044 -3936
-5185 -444
4295 -5396
5586 2911
-1016 4141
-209 -5731
552 -5152
-4204 3734
-3409 -5601
820 -1326
-3071 -5844
-5222 -3350
1386 4220
2519 -6633
4163 3806
1766 -6240
-2862 3405
4024 -2321
4384 -1480
-4232 -5045
-3145 -1897
3865 1322
6190 -5851
5846 -3364
-49 -4422
-4334 3527
3892 -481
-1097 1272
239 3137
-5316 -318
927 2446
-1693 1125
4757 -5430
1842 -4521
4101 3256
-6660 2807
-3232 4075
-1396 -4786
2004 2463
-513 -663
2913 1028
-662 4267
-5752 -4046
2887 -3636
-2119 -1086
1193 5740
4887 4335
2289 -774
6565 -1576
4797 4596
-12 3118
1834 841
3728 4725
-871 5969
2712 -6268
-5320 -2904
-2175 -1112
3886 -5694
5893 2039
4118 3069
5671 -3178
-3975 -6666
2116 4355
-4473 3426
-2070 -4292
460 -6457
-2040 -5709
5825 -3027
2115 -5405
-1730 487
-925 3774
-2906 2046
3078 -4166
-933 3926
6098 -1770
-5642 -3926
1010 675
-2472 1135
-5270 5927
878 2629
263 -963
775 -5623
-25 1499
-2402 5990
-4316 -6564
6568 2541
-2106 -3048
106 -137
-3562 3752
-987 -6378
-1826 -6478
-255 -3062
-5992 -505
1764 4688
882 -5648
2239 -718
-5649 -431
2063 -3973
4034 -1991
3811 -3773
-5768 6208
-1066 -551
-4654 -501
-1865 3098
-4955 -262
2232 762
-5191 -1215
792 -5901
815 -5822
-4166 -3586
1438 3466
-2115 -3961
355 -6331
-1649 -2367
4177 -1038
5497 -3777
262 -3588
-5341 -4600
3649 6193
-24 -2158
2079 6095
4940 6255
4732 99
-948 -3801
3622 -2505
-2120 -1059
6637 -4347
462 -4238
-2190 -3756
-5290 -4790
3821 -5291
4731 1392
-4344 6089
4072 -1872
-2270 -6314
2130 -2936
-6567 -3000
1060 1220
6045 -1249
3790 5426
3999 -5905
3753 -1561
2760 -4833
-3005 1525
5628 743
-6083 -5022
2424 4140
-2035 691
-4999 -4175
1879 5574
-4775 505
2141 604
-2296 5174
-4440 316
-437 -2096
5308 4173
-3779 -6167
347 -2047
5462 -5192
2214 3272
2095 5823
-3539 36
-4514 -5310
2688 3287
5594 4746
-6173 5887
3143 -6282
-1405 -4820
2866 1877
4446 1745
-4529 2595
1620 -4957
-6063 5103
5596 4071
6442 -4087
5227 4491
4873 2017
534 -2978
1214 2333
4103 -1449
774 3852
3371 4091
4536 2270
4452 -5616
-3732 3580
1434 584
-2 6403
-1552 847
3507 -5153
1809 254
105 -4968
-3820 -4453
4330 -1601
2042 -3882
-6141 -1747
-4884 -3935
-81 2686
5008 -4579
-1502 -3022
-6284 -1317
4633 5294
-2052 2117
2082 4782
-4114 -2063
-2667 -4791
2339 173
-3101 -2746
6264 -6324
3544 -4083
-5404 4378
-2956 -4492
3013 -1046
1785 -4001
4278 5315
163 -2796
-5237 -4580
727 -6094
3121 -4829
35 -4938
1738 -3793
-6144 -3120
-1756 -5627
-3353 2876
1045 2991
4969 728
-3818 -933
3770 -4303
-3883 3881
-2164 3751
-2240 -3908
709 4182
-2989 -1189
-3311 1509
-2873 5446
1545 3113
4853 -907
4226 2421
-1708 3606
1878 -5928
460 1147
-2901 -2468
-4172 -5675
3078 2295
3797 1055
-1092 4442
-257 274
-5980 1024
4256 -3385
4036 -1260
-2152 2188
-2994 3347
1783 3574
5638 -394
2293 -1163
4501 1555
-1174 6008
-5531 2902
-6395 1163
-6616 -6013
-3541 889
-4783 1781
2225 594
3357 6047
-5335 3467
-6342 1445
-5791 4847
-478 -1281
-3209 167
-5343 1413
1098 -5433
-873 -2084
4832 -4356
-2342 -1379
624 806
-4187 4663
5555 -5993
-3651 -1979
1577 -3338
1354 6112
784 -5793
2486 4009
-492 3082
4905 -5942
1848 -399
559 6032
3267 -4491
-3585 4286
1543 1669
6618 -1654
-961 -1982
865 3424
3577 4574
4601 -6048
-1454 4958
3355 -3378
2863 -2779
161 6028
-1913 -3238
5011 -3933
-3366 6145
5329 -3140
-4933 -3417
-3607 -2996
-269 2569
-5988 -5724
-4623 -5564
-4919 1244
-2609 -3036
1645 2244
-1745 5509
746 -5148
-4469 1100
-4302 -1030
-1339 -4036
1066 -7
-4797 4276
-3007 -4166
-6191 -3749
1802 951
-2121 3709
-1460 -2849
-6124 1909
1044 -2360
1573 -4242
1861 -5895
-3132 -4788
953 -45
1123 -5356
-2513 6182
-5679 -5694
3676 2957
5985 -1320
-3717 -3231
-5490 -3484
4756 -3783
-4490 -2673
4948 -3747
-3519 2492
-2622 -5997
-1595 5746
-996 5952
-5078 1176
777 6292
3017 -6471
-40 2881
2533 -4387
6152 3953
5116 919
3310 5353
-3437 2924
78 -1900
6521 2534
-2644 -593
2844 1783
-1249 -6399
4547 -1406
6203 6079
-2668 717
-271 3431
-1036 306
-3074 -3836
-1529 588
-2152 3854
3110 2761
-2442 -851
3735 -2104
-1368 3772
5852 -1347
-743 6311
-3005 2253
2536 1574
4366 6174
2630 1320
53 1359
27 2815
1092 4399
-5103 -1667
-4982 -6526
4160 5404
4855 2850
4551 -5738
-2496 -5941
656 5616
-3848 5213
-6478 -4793
669 3251
2150 -1727
3269 568
165 -2949
3415 835
6598 -2235
-4097 -4556
-234 233
2764 -4611
6524 -108