2060
-5000 -5000
-5000 5000
5000 5000
5000 -5000
-4999 5001
4999 5001
-4999 -5001
4999 -5001
5001 -4999
-5001 -4999
5001 4999
-5001 4999
-4997 5002
4997 5002
-4997 -5002
4997 -5002
5002 -4997
-5002 -4997
5002 4997
-5002 4997
-4994 5003
4994 5003
-4994 -5003
4994 -5003
5003 -4994
-5003 -4994
5003 4994
-5003 4994
-4991 5005
4991 5005
-4991 -5005
4991 -5005
5005 -4991
-5005 -4991
5005 4991
-5005 4991
-4987 5006
4987 5006
-4987 -5006
4987 -5006
5006 -4987
-5006 -4987
5006 4987
-5006 4987
-4983 5009
4983 5009
-4983 -5009
4983 -5009
5009 -4983
-5009 -4983
5009 4983
-5009 4983
-4978 5010
4978 5010
-4978 -5010
4978 -5010
5010 -4978
-5010 -4978
5010 4978
-5010 4978
-4973 5012
4973 5012
-4973 -5012
4973 -5012
5012 -4973
-5012 -4973
5012 4973
-5012 4973
-4968 5015
4968 5015
-4968 -5015
4968 -5015
5015 -4968
-5015 -4968
5015 4968
-5015 4968
-4963 5019
4963 5019
-4963 -5019
4963 -5019
5019 -4963
-5019 -4963
5019 4963
-5019 4963
-4957 5020
4957 5020
-4957 -5020
4957 -5020
5020 -4957
-5020 -4957
5020 4957
-5020 4957
-4951 5025
4951 5025
-4951 -5025
4951 -5025
5025 -4951
-5025 -4951
5025 4951
-5025 4951
-4944 5026
4944 5026
-4944 -5026
4944 -5026
5026 -4944
-5026 -4944
5026 4944
-5026 4944
-4937 5028
4937 5028
-4937 -5028
4937 -5028
5028 -4937
-5028 -4937
5028 4937
-5028 4937
-4930 5031
4930 5031
-4930 -5031
4930 -5031
5031 -4930
-5031 -4930
5031 4930
-5031 4930
-4923 5035
4923 5035
-4923 -5035
4923 -5035
5035 -4923
-5035 -4923
5035 4923
-5035 4923
-4916 5040
4916 5040
-4916 -5040
4916 -5040
5040 -4916
-5040 -4916
5040 4916
-5040 4916
-4909 5046
4909 5046
-4909 -5046
4909 -5046
5046 -4909
-5046 -4909
5046 4909
-5046 4909
-4901 5047
4901 5047
-4901 -5047
4901 -5047
5047 -4901
-5047 -4901
5047 4901
-5047 4901
-4893 5050
4893 5050
-4893 -5050
4893 -5050
5050 -4893
-5050 -4893
5050 4893
-5050 4893
-4885 5055
4885 5055
-4885 -5055
4885 -5055
5055 -4885
-5055 -4885
5055 4885
-5055 4885
-4877 5062
4877 5062
-4877 -5062
4877 -5062
5062 -4877
-5062 -4877
5062 4877
-5062 4877
-4868 5063
4868 5063
-4868 -5063
4868 -5063
5063 -4868
-5063 -4868
5063 4868
-5063 4868
-4859 5065
4859 5065
-4859 -5065
4859 -5065
5065 -4859
-5065 -4859
5065 4859
-5065 4859
-4850 5069
4850 5069
-4850 -5069
4850 -5069
5069 -4850
-5069 -4850
5069 4850
-5069 4850
-4841 5074
4841 5074
-4841 -5074
4841 -5074
5074 -4841
-5074 -4841
5074 4841
-5074 4841
-4832 5081
4832 5081
-4832 -5081
4832 -5081
5081 -4832
-5081 -4832
5081 4832
-5081 4832
-4823 5089
4823 5089
-4823 -5089
4823 -5089
5089 -4823
-5089 -4823
5089 4823
-5089 4823
-4813 5090
4813 5090
-4813 -5090
4813 -5090
5090 -4813
-5090 -4813
5090 4813
-5090 4813
-4803 5093
4803 5093
-4803 -5093
4803 -5093
5093 -4803
-5093 -4803
5093 4803
-5093 4803
-4793 5100
4793 5100
-4793 -5100
4793 -5100
5100 -4793
-5100 -4793
5100 4793
-5100 4793
-4783 5109
4783 5109
-4783 -5109
4783 -5109
5109 -4783
-5109 -4783
5109 4783
-5109 4783
-4772 5110
4772 5110
-4772 -5110
4772 -5110
5110 -4772
-5110 -4772
5110 4772
-5110 4772
-4761 5112
4761 5112
-4761 -5112
4761 -5112
5112 -4761
-5112 -4761
5112 4761
-5112 4761
-4750 5115
4750 5115
-4750 -5115
4750 -5115
5115 -4750
-5115 -4750
5115 4750
-5115 4750
-4739 5119
4739 5119
-4739 -5119
4739 -5119
5119 -4739
-5119 -4739
5119 4739
-5119 4739
-4728 5124
4728 5124
-4728 -5124
4728 -5124
5124 -4728
-5124 -4728
5124 4728
-5124 4728
-4717 5130
4717 5130
-4717 -5130
4717 -5130
5130 -4717
-5130 -4717
5130 4717
-5130 4717
-4706 5137
4706 5137
-4706 -5137
4706 -5137
5137 -4706
-5137 -4706
5137 4706
-5137 4706
-4695 5145
4695 5145
-4695 -5145
4695 -5145
5145 -4695
-5145 -4695
5145 4695
-5145 4695
-4684 5154
4684 5154
-4684 -5154
4684 -5154
5154 -4684
-5154 -4684
5154 4684
-5154 4684
-4673 5164
4673 5164
-4673 -5164
4673 -5164
5164 -4673
-5164 -4673
5164 4673
-5164 4673
-4661 5165
4661 5165
-4661 -5165
4661 -5165
5165 -4661
-5165 -4661
5165 4661
-5165 4661
-4649 5170
4649 5170
-4649 -5170
4649 -5170
5170 -4649
-5170 -4649
5170 4649
-5170 4649
-4637 5177
4637 5177
-4637 -5177
4637 -5177
5177 -4637
-5177 -4637
5177 4637
-5177 4637
-4625 5188
4625 5188
-4625 -5188
4625 -5188
5188 -4625
-5188 -4625
5188 4625
-5188 4625
-4612 5189
4612 5189
-4612 -5189
4612 -5189
5189 -4612
-5189 -4612
5189 4612
-5189 4612
-4599 5191
4599 5191
-4599 -5191
4599 -5191
5191 -4599
-5191 -4599
5191 4599
-5191 4599
-4586 5194
4586 5194
-4586 -5194
4586 -5194
5194 -4586
-5194 -4586
5194 4586
-5194 4586
-4573 5198
4573 5198
-4573 -5198
4573 -5198
5198 -4573
-5198 -4573
5198 4573
-5198 4573
-4560 5203
4560 5203
-4560 -5203
4560 -5203
5203 -4560
-5203 -4560
5203 4560
-5203 4560
-4547 5209
4547 5209
-4547 -5209
4547 -5209
5209 -4547
-5209 -4547
5209 4547
-5209 4547
-4534 5216
4534 5216
-4534 -5216
4534 -5216
5216 -4534
-5216 -4534
5216 4534
-5216 4534
-4521 5224
4521 5224
-4521 -5224
4521 -5224
5224 -4521
-5224 -4521
5224 4521
-5224 4521
-4508 5233
4508 5233
-4508 -5233
4508 -5233
5233 -4508
-5233 -4508
5233 4508
-5233 4508
-4495 5243
4495 5243
-4495 -5243
4495 -5243
5243 -4495
-5243 -4495
5243 4495
-5243 4495
-4482 5254
4482 5254
-4482 -5254
4482 -5254
5254 -4482
-5254 -4482
5254 4482
-5254 4482
-4469 5266
4469 5266
-4469 -5266
4469 -5266
5266 -4469
-5266 -4469
5266 4469
-5266 4469
-4455 5267
4455 5267
-4455 -5267
4455 -5267
5267 -4455
-5267 -4455
5267 4455
-5267 4455
-4441 5270
4441 5270
-4441 -5270
4441 -5270
5270 -4441
-5270 -4441
5270 4441
-5270 4441
-4427 5275
4427 5275
-4427 -5275
4427 -5275
5275 -4427
-5275 -4427
5275 4427
-5275 4427
-4413 5284
4413 5284
-4413 -5284
4413 -5284
5284 -4413
-5284 -4413
5284 4413
-5284 4413
-4399 5295
4399 5295
-4399 -5295
4399 -5295
5295 -4399
-5295 -4399
5295 4399
-5295 4399
-4385 5308
4385 5308
-4385 -5308
4385 -5308
5308 -4385
-5308 -4385
5308 4385
-5308 4385
-4370 5309
4370 5309
-4370 -5309
4370 -5309
5309 -4370
-5309 -4370
5309 4370
-5309 4370
-4355 5311
4355 5311
-4355 -5311
4355 -5311
5311 -4355
-5311 -4355
5311 4355
-5311 4355
-4340 5315
4340 5315
-4340 -5315
4340 -5315
5315 -4340
-5315 -4340
5315 4340
-5315 4340
-4325 5322
4325 5322
-4325 -5322
4325 -5322
5322 -4325
-5322 -4325
5322 4325
-5322 4325
-4310 5330
4310 5330
-4310 -5330
4310 -5330
5330 -4310
-5330 -4310
5330 4310
-5330 4310
-4295 5341
4295 5341
-4295 -5341
4295 -5341
5341 -4295
-5341 -4295
5341 4295
-5341 4295
-4280 5354
4280 5354
-4280 -5354
4280 -5354
5354 -4280
-5354 -4280
5354 4280
-5354 4280
-4265 5368
4265 5368
-4265 -5368
4265 -5368
5368 -4265
-5368 -4265
5368 4265
-5368 4265
-4249 5369
4249 5369
-4249 -5369
4249 -5369
5369 -4249
-5369 -4249
5369 4249
-5369 4249
-4233 5372
4233 5372
-4233 -5372
4233 -5372
5372 -4233
-5372 -4233
5372 4233
-5372 4233
-4217 5377
4217 5377
-4217 -5377
4217 -5377
5377 -4217
-5377 -4217
5377 4217
-5377 4217
-4201 5384
4201 5384
-4201 -5384
4201 -5384
5384 -4201
-5384 -4201
5384 4201
-5384 4201
-4185 5393
4185 5393
-4185 -5393
4185 -5393
5393 -4185
-5393 -4185
5393 4185
-5393 4185
-4169 5404
4169 5404
-4169 -5404
4169 -5404
5404 -4169
-5404 -4169
5404 4169
-5404 4169
-4153 5417
4153 5417
-4153 -5417
4153 -5417
5417 -4153
-5417 -4153
5417 4153
-5417 4153
-4137 5432
4137 5432
-4137 -5432
4137 -5432
5432 -4137
-5432 -4137
5432 4137
-5432 4137
-4120 5433
4120 5433
-4120 -5433
4120 -5433
5433 -4120
-5433 -4120
5433 4120
-5433 4120
-4103 5435
4103 5435
-4103 -5435
4103 -5435
5435 -4103
-5435 -4103
5435 4103
-5435 4103
-4086 5438
4086 5438
-4086 -5438
4086 -5438
5438 -4086
-5438 -4086
5438 4086
-5438 4086
-4069 5442
4069 5442
-4069 -5442
4069 -5442
5442 -4069
-5442 -4069
5442 4069
-5442 4069
-4052 5447
4052 5447
-4052 -5447
4052 -5447
5447 -4052
-5447 -4052
5447 4052
-5447 4052
-4035 5453
4035 5453
-4035 -5453
4035 -5453
5453 -4035
-5453 -4035
5453 4035
-5453 4035
-4018 5460
4018 5460
-4018 -5460
4018 -5460
5460 -4018
-5460 -4018
5460 4018
-5460 4018
-4001 5468
4001 5468
-4001 -5468
4001 -5468
5468 -4001
-5468 -4001
5468 4001
-5468 4001
-3984 5477
3984 5477
-3984 -5477
3984 -5477
5477 -3984
-5477 -3984
5477 3984
-5477 3984
-3967 5487
3967 5487
-3967 -5487
3967 -5487
5487 -3967
-5487 -3967
5487 3967
-5487 3967
-3950 5498
3950 5498
-3950 -5498
3950 -5498
5498 -3950
-5498 -3950
5498 3950
-5498 3950
-3933 5510
3933 5510
-3933 -5510
3933 -5510
5510 -3933
-5510 -3933
5510 3933
-5510 3933
-3916 5523
3916 5523
-3916 -5523
3916 -5523
5523 -3916
-5523 -3916
5523 3916
-5523 3916
-3899 5537
3899 5537
-3899 -5537
3899 -5537
5537 -3899
-5537 -3899
5537 3899
-5537 3899
-3882 5552
3882 5552
-3882 -5552
3882 -5552
5552 -3882
-5552 -3882
5552 3882
-5552 3882
-3865 5568
3865 5568
-3865 -5568
3865 -5568
5568 -3865
-5568 -3865
5568 3865
-5568 3865
-3847 5569
3847 5569
-3847 -5569
3847 -5569
5569 -3847
-5569 -3847
5569 3847
-5569 3847
-3829 5574
3829 5574
-3829 -5574
3829 -5574
5574 -3829
-5574 -3829
5574 3829
-5574 3829
-3811 5581
3811 5581
-3811 -5581
3811 -5581
5581 -3811
-5581 -3811
5581 3811
-5581 3811
-3793 5592
3793 5592
-3793 -5592
3793 -5592
5592 -3793
-5592 -3793
5592 3793
-5592 3793
-3775 5605
3775 5605
-3775 -5605
3775 -5605
5605 -3775
-5605 -3775
5605 3775
-5605 3775
-3757 5622
3757 5622
-3757 -5622
3757 -5622
5622 -3757
-5622 -3757
5622 3757
-5622 3757
-3738 5623
3738 5623
-3738 -5623
3738 -5623
5623 -3738
-5623 -3738
5623 3738
-5623 3738
-3719 5625
3719 5625
-3719 -5625
3719 -5625
5625 -3719
-5625 -3719
5625 3719
-5625 3719
-3700 5628
3700 5628
-3700 -5628
3700 -5628
5628 -3700
-5628 -3700
5628 3700
-5628 3700
-3681 5632
3681 5632
-3681 -5632
3681 -5632
5632 -3681
-5632 -3681
5632 3681
-5632 3681
-3662 5637
3662 5637
-3662 -5637
3662 -5637
5637 -3662
-5637 -3662
5637 3662
-5637 3662
-3643 5643
3643 5643
-3643 -5643
3643 -5643
5643 -3643
-5643 -3643
5643 3643
-5643 3643
-3624 5650
3624 5650
-3624 -5650
3624 -5650
5650 -3624
-5650 -3624
5650 3624
-5650 3624
-3605 5658
3605 5658
-3605 -5658
3605 -5658
5658 -3605
-5658 -3605
5658 3605
-5658 3605
-3586 5667
3586 5667
-3586 -5667
3586 -5667
5667 -3586
-5667 -3586
5667 3586
-5667 3586
-3567 5677
3567 5677
-3567 -5677
3567 -5677
5677 -3567
-5677 -3567
5677 3567
-5677 3567
-3548 5688
3548 5688
-3548 -5688
3548 -5688
5688 -3548
-5688 -3548
5688 3548
-5688 3548
-3529 5700
3529 5700
-3529 -5700
3529 -5700
5700 -3529
-5700 -3529
5700 3529
-5700 3529
-3510 5713
3510 5713
-3510 -5713
3510 -5713
5713 -3510
-5713 -3510
5713 3510
-5713 3510
-3491 5727
3491 5727
-3491 -5727
3491 -5727
5727 -3491
-5727 -3491
5727 3491
-5727 3491
-3472 5742
3472 5742
-3472 -5742
3472 -5742
5742 -3472
-5742 -3472
5742 3472
-5742 3472
-3453 5758
3453 5758
-3453 -5758
3453 -5758
5758 -3453
-5758 -3453
5758 3453
-5758 3453
-3434 5775
3434 5775
-3434 -5775
3434 -5775
5775 -3434
-5775 -3434
5775 3434
-5775 3434
-3415 5793
3415 5793
-3415 -5793
3415 -5793
5793 -3415
-5793 -3415
5793 3415
-5793 3415
-3395 5794
3395 5794
-3395 -5794
3395 -5794
5794 -3395
-5794 -3395
5794 3395
-5794 3395
-3375 5797
3375 5797
-3375 -5797
3375 -5797
5797 -3375
-5797 -3375
5797 3375
-5797 3375
-3355 5804
3355 5804
-3355 -5804
3355 -5804
5804 -3355
-5804 -3355
5804 3355
-5804 3355
-3335 5813
3335 5813
-3335 -5813
3335 -5813
5813 -3335
-5813 -3335
5813 3335
-5813 3335
-3315 5824
3315 5824
-3315 -5824
3315 -5824
5824 -3315
-5824 -3315
5824 3315
-5824 3315
-3295 5837
3295 5837
-3295 -5837
3295 -5837
5837 -3295
-5837 -3295
5837 3295
-5837 3295
-3275 5854
3275 5854
-3275 -5854
3275 -5854
5854 -3275
-5854 -3275
5854 3275
-5854 3275
-3255 5873
3255 5873
-3255 -5873
3255 -5873
5873 -3255
-5873 -3255
5873 3255
-5873 3255
-3234 5874
3234 5874
-3234 -5874
3234 -5874
5874 -3234
-5874 -3234
5874 3234
-5874 3234
-3213 5876
3213 5876
-3213 -5876
3213 -5876
5876 -3213
-5876 -3213
5876 3213
-5876 3213
-3192 5880
3192 5880
-3192 -5880
3192 -5880
5880 -3192
-5880 -3192
5880 3192
-5880 3192
-3171 5885
3171 5885
-3171 -5885
3171 -5885
5885 -3171
-5885 -3171
5885 3171
-5885 3171
-3150 5893
3150 5893
-3150 -5893
3150 -5893
5893 -3150
-5893 -3150
5893 3150
-5893 3150
-3129 5903
3129 5903
-3129 -5903
3129 -5903
5903 -3129
-5903 -3129
5903 3129
-5903 3129
-3108 5914
3108 5914
-3108 -5914
3108 -5914
5914 -3108
-5914 -3108
5914 3108
-5914 3108
-3087 5927
3087 5927
-3087 -5927
3087 -5927
5927 -3087
-5927 -3087
5927 3087
-5927 3087
-3066 5943
3066 5943
-3066 -5943
3066 -5943
5943 -3066
-5943 -3066
5943 3066
-5943 3066
-3045 5960
3045 5960
-3045 -5960
3045 -5960
5960 -3045
-5960 -3045
5960 3045
-5960 3045
-3024 5979
3024 5979
-3024 -5979
3024 -5979
5979 -3024
-5979 -3024
5979 3024
-5979 3024
-3003 5999
3003 5999
-3003 -5999
3003 -5999
5999 -3003
-5999 -3003
5999 3003
-5999 3003
-2981 6000
2981 6000
-2981 -6000
2981 -6000
6000 -2981
-6000 -2981
6000 2981
-6000 2981
-2959 6003
2959 6003
-2959 -6003
2959 -6003
6003 -2959
-6003 -2959
6003 2959
-6003 2959
-2937 6008
2937 6008
-2937 -6008
2937 -6008
6008 -2937
-6008 -2937
6008 2937
-6008 2937
-2915 6015
2915 6015
-2915 -6015
2915 -6015
6015 -2915
-6015 -2915
6015 2915
-6015 2915
-2893 6024
2893 6024
-2893 -6024
2893 -6024
6024 -2893
-6024 -2893
6024 2893
-6024 2893
-2871 6037
2871 6037
-2871 -6037
2871 -6037
6037 -2871
-6037 -2871
6037 2871
-6037 2871
-2849 6052
2849 6052
-2849 -6052
2849 -6052
6052 -2849
-6052 -2849
6052 2849
-6052 2849
-2827 6069
2827 6069
-2827 -6069
2827 -6069
6069 -2827
-6069 -2827
6069 2827
-6069 2827
-2805 6088
2805 6088
-2805 -6088
2805 -6088
6088 -2805
-6088 -2805
6088 2805
-6088 2805
-2783 6109
2783 6109
-2783 -6109
2783 -6109
6109 -2783
-6109 -2783
6109 2783
-6109 2783
-2760 6110
2760 6110
-2760 -6110
2760 -6110
6110 -2760
-6110 -2760
6110 2760
-6110 2760
-2737 6112
2737 6112
-2737 -6112
2737 -6112
6112 -2737
-6112 -2737
6112 2737
-6112 2737
-2714 6115
2714 6115
-2714 -6115
2714 -6115
6115 -2714
-6115 -2714
6115 2714
-6115 2714
-2691 6119
2691 6119
-2691 -6119
2691 -6119
6119 -2691
-6119 -2691
6119 2691
-6119 2691
-2668 6124
2668 6124
-2668 -6124
2668 -6124
6124 -2668
-6124 -2668
6124 2668
-6124 2668
-2645 6130
2645 6130
-2645 -6130
2645 -6130
6130 -2645
-6130 -2645
6130 2645
-6130 2645
-2622 6137
2622 6137
-2622 -6137
2622 -6137
6137 -2622
-6137 -2622
6137 2622
-6137 2622
-2599 6145
2599 6145
-2599 -6145
2599 -6145
6145 -2599
-6145 -2599
6145 2599
-6145 2599
-2576 6154
2576 6154
-2576 -6154
2576 -6154
6154 -2576
-6154 -2576
6154 2576
-6154 2576
-2553 6164
2553 6164
-2553 -6164
2553 -6164
6164 -2553
-6164 -2553
6164 2553
-6164 2553
-2530 6175
2530 6175
-2530 -6175
2530 -6175
6175 -2530
-6175 -2530
6175 2530
-6175 2530
-2507 6187
2507 6187
-2507 -6187
2507 -6187
6187 -2507
-6187 -2507
6187 2507
-6187 2507
-2484 6200
2484 6200
-2484 -6200
2484 -6200
6200 -2484
-6200 -2484
6200 2484
-6200 2484
-2461 6214
2461 6214
-2461 -6214
2461 -6214
6214 -2461
-6214 -2461
6214 2461
-6214 2461
-2438 6229
2438 6229
-2438 -6229
2438 -6229
6229 -2438
-6229 -2438
6229 2438
-6229 2438
-2415 6245
2415 6245
-2415 -6245
2415 -6245
6245 -2415
-6245 -2415
6245 2415
-6245 2415
-2392 6262
2392 6262
-2392 -6262
2392 -6262
6262 -2392
-6262 -2392
6262 2392
-6262 2392
-2369 6280
2369 6280
-2369 -6280
2369 -6280
6280 -2369
-6280 -2369
6280 2369
-6280 2369
-2346 6299
2346 6299
-2346 -6299
2346 -6299
6299 -2346
-6299 -2346
6299 2346
-6299 2346
-2323 6319
2323 6319
-2323 -6319
2323 -6319
6319 -2323
-6319 -2323
6319 2323
-6319 2323
-2300 6340
2300 6340
-2300 -6340
2300 -6340
6340 -2300
-6340 -2300
6340 2300
-6340 2300
-2277 6362
2277 6362
-2277 -6362
2277 -6362
6362 -2277
-6362 -2277
6362 2277
-6362 2277
-2253 6363
2253 6363
-2253 -6363
2253 -6363
6363 -2253
-6363 -2253
6363 2253
-6363 2253
-2229 6368
2229 6368
-2229 -6368
2229 -6368
6368 -2229
-6368 -2229
6368 2229
-6368 2229
-2205 6375
2205 6375
-2205 -6375
2205 -6375
6375 -2205
-6375 -2205
6375 2205
-6375 2205
-2181 6386
2181 6386
-2181 -6386
2181 -6386
6386 -2181
-6386 -2181
6386 2181
-6386 2181
-2157 6399
2157 6399
-2157 -6399
2157 -6399
6399 -2157
-6399 -2157
6399 2157
-6399 2157
-2133 6416
2133 6416
-2133 -6416
2133 -6416
6416 -2133
-6416 -2133
6416 2133
-6416 2133
-2109 6435
2109 6435
-2109 -6435
2109 -6435
6435 -2109
-6435 -2109
6435 2109
-6435 2109
-2085 6458
2085 6458
-2085 -6458
2085 -6458
6458 -2085
-6458 -2085
6458 2085
-6458 2085
-2060 6459
2060 6459
-2060 -6459
2060 -6459
6459 -2060
-6459 -2060
6459 2060
-6459 2060
-2035 6461
2035 6461
-2035 -6461
2035 -6461
6461 -2035
-6461 -2035
6461 2035
-6461 2035
-2010 6464
2010 6464
-2010 -6464
2010 -6464
6464 -2010
-6464 -2010
6464 2010
-6464 2010
-1985 6468
1985 6468
-1985 -6468
1985 -6468
6468 -1985
-6468 -1985
6468 1985
-6468 1985
-1960 6474
1960 6474
-1960 -6474
1960 -6474
6474 -1960
-6474 -1960
6474 1960
-6474 1960
-1935 6481
1935 6481
-1935 -6481
1935 -6481
6481 -1935
-6481 -1935
6481 1935
-6481 1935
-1910 6489
1910 6489
-1910 -6489
1910 -6489
6489 -1910
-6489 -1910
6489 1910
-6489 1910
-1885 6498
1885 6498
-1885 -6498
1885 -6498
6498 -1885
-6498 -1885
6498 1885
-6498 1885
-1860 6509
1860 6509
-1860 -6509
1860 -6509
6509 -1860
-6509 -1860
6509 1860
-6509 1860
-1835 6521
1835 6521
-1835 -6521
1835 -6521
6521 -1835
-6521 -1835
6521 1835
-6521 1835
-1810 6534
1810 6534
-1810 -6534
1810 -6534
6534 -1810
-6534 -1810
6534 1810
-6534 1810
-1785 6548
1785 6548
-1785 -6548
1785 -6548
6548 -1785
-6548 -1785
6548 1785
-6548 1785
-1760 6564
1760 6564
-1760 -6564
1760 -6564
6564 -1760
-6564 -1760
6564 1760
-6564 1760
-1735 6581
1735 6581
-1735 -6581
1735 -6581
6581 -1735
-6581 -1735
6581 1735
-6581 1735
-1710 6599
1710 6599
-1710 -6599
1710 -6599
6599 -1710
-6599 -1710
6599 1710
-6599 1710
-1685 6618
1685 6618
-1685 -6618
1685 -6618
6618 -1685
-6618 -1685
6618 1685
-6618 1685
-1660 6639
1660 6639
-1660 -6639
1660 -6639
6639 -1660
-6639 -1660
6639 1660
-6639 1660
-1635 6661
1635 6661
-1635 -6661
1635 -6661
6661 -1635
-6661 -1635
6661 1635
-6661 1635
-1610 6684
1610 6684
-1610 -6684
1610 -6684
6684 -1610
-6684 -1610
6684 1610
-6684 1610
-1585 6708
1585 6708
-1585 -6708
1585 -6708
6708 -1585
-6708 -1585
6708 1585
-6708 1585
-1559 6709
1559 6709
-1559 -6709
1559 -6709
6709 -1559
-6709 -1559
6709 1559
-6709 1559
-1533 6712
1533 6712
-1533 -6712
1533 -6712
6712 -1533
-6712 -1533
6712 1533
-6712 1533
-1507 6717
1507 6717
-1507 -6717
1507 -6717
6717 -1507
-6717 -1507
6717 1507
-6717 1507
-1481 6724
1481 6724
-1481 -6724
1481 -6724
6724 -1481
-6724 -1481
6724 1481
-6724 1481
-1455 6733
1455 6733
-1455 -6733
1455 -6733
6733 -1455
-6733 -1455
6733 1455
-6733 1455
-1429 6744
1429 6744
-1429 -6744
1429 -6744
6744 -1429
-6744 -1429
6744 1429
-6744 1429
-1403 6759
1403 6759
-1403 -6759
1403 -6759
6759 -1403
-6759 -1403
6759 1403
-6759 1403
-1377 6776
1377 6776
-1377 -6776
1377 -6776
6776 -1377
-6776 -1377
6776 1377
-6776 1377
-1351 6795
1351 6795
-1351 -6795
1351 -6795
6795 -1351
-6795 -1351
6795 1351
-6795 1351
-1325 6816
1325 6816
-1325 -6816
1325 -6816
6816 -1325
-6816 -1325
6816 1325
-6816 1325
-1299 6839
1299 6839
-1299 -6839
1299 -6839
6839 -1299
-6839 -1299
6839 1299
-6839 1299
-1273 6864
1273 6864
-1273 -6864
1273 -6864
6864 -1273
-6864 -1273
6864 1273
-6864 1273
-1246 6865
1246 6865
-1246 -6865
1246 -6865
6865 -1246
-6865 -1246
6865 1246
-6865 1246
-1219 6867
1219 6867
-1219 -6867
1219 -6867
6867 -1219
-6867 -1219
6867 1219
-6867 1219
-1192 6871
1192 6871
-1192 -6871
1192 -6871
6871 -1192
-6871 -1192
6871 1192
-6871 1192
-1165 6876
1165 6876
-1165 -6876
1165 -6876
6876 -1165
-6876 -1165
6876 1165
-6876 1165
-1138 6883
1138 6883
-1138 -6883
1138 -6883
6883 -1138
-6883 -1138
6883 1138
-6883 1138
-1111 6891
1111 6891
-1111 -6891
1111 -6891
6891 -1111
-6891 -1111
6891 1111
-6891 1111
-1084 6901
1084 6901
-1084 -6901
1084 -6901
6901 -1084
-6901 -1084
6901 1084
-6901 1084
-1057 6912
1057 6912
-1057 -6912
1057 -6912
6912 -1057
-6912 -1057
6912 1057
-6912 1057
-1030 6925
1030 6925
-1030 -6925
1030 -6925
6925 -1030
-6925 -1030
6925 1030
-6925 1030
-1003 6939
1003 6939
-1003 -6939
1003 -6939
6939 -1003
-6939 -1003
6939 1003
-6939 1003
-976 6955
976 6955
-976 -6955
976 -6955
6955 -976
-6955 -976
6955 976
-6955 976
-949 6972
949 6972
-949 -6972
949 -6972
6972 -949
-6972 -949
6972 949
-6972 949
-922 6991
922 6991
-922 -6991
922 -6991
6991 -922
-6991 -922
6991 922
-6991 922
-895 7011
895 7011
-895 -7011
895 -7011
7011 -895
-7011 -895
7011 895
-7011 895
-868 7033
868 7033
-868 -7033
868 -7033
7033 -868
-7033 -868
7033 868
-7033 868
-841 7056
841 7056
-841 -7056
841 -7056
7056 -841
-7056 -841
7056 841
-7056 841
-814 7081
814 7081
-814 -7081
814 -7081
7081 -814
-7081 -814
7081 814
-7081 814
-787 7107
787 7107
-787 -7107
787 -7107
7107 -787
-7107 -787
7107 787
-7107 787
-759 7108
759 7108
-759 -7108
759 -7108
7108 -759
-7108 -759
7108 759
-7108 759
-731 7111
731 7111
-731 -7111
731 -7111
7111 -731
-7111 -731
7111 731
-7111 731
-703 7116
703 7116
-703 -7116
703 -7116
7116 -703
-7116 -703
7116 703
-7116 703
-675 7125
675 7125
-675 -7125
675 -7125
7125 -675
-7125 -675
7125 675
-7125 675
-647 7136
647 7136
-647 -7136
647 -7136
7136 -647
-7136 -647
7136 647
-7136 647
-619 7149
619 7149
-619 -7149
619 -7149
7149 -619
-7149 -619
7149 619
-7149 619
-591 7164
591 7164
-591 -7164
591 -7164
7164 -591
-7164 -591
7164 591
-7164 591
-563 7181
563 7181
-563 -7181
563 -7181
7181 -563
-7181 -563
7181 563
-7181 563
-535 7200
535 7200
-535 -7200
535 -7200
7200 -535
-7200 -535
7200 535
-7200 535
-507 7223
507 7223
-507 -7223
507 -7223
7223 -507
-7223 -507
7223 507
-7223 507
-479 7248
479 7248
-479 -7248
479 -7248
7248 -479
-7248 -479
7248 479
-7248 479
-451 7275
451 7275
-451 -7275
451 -7275
7275 -451
-7275 -451
7275 451
-7275 451
-422 7276
422 7276
-422 -7276
422 -7276
7276 -422
-7276 -422
7276 422
-7276 422
-393 7278
393 7278
-393 -7278
393 -7278
7278 -393
-7278 -393
7278 393
-7278 393
-364 7281
364 7281
-364 -7281
364 -7281
7281 -364
-7281 -364
7281 364
-7281 364
-335 7285
335 7285
-335 -7285
335 -7285
7285 -335
-7285 -335
7285 335
-7285 335
-306 7290
306 7290
-306 -7290
306 -7290
7290 -306
-7290 -306
7290 306
-7290 306
-277 7296
277 7296
-277 -7296
277 -7296
7296 -277
-7296 -277
7296 277
-7296 277
-248 7303
248 7303
-248 -7303
248 -7303
7303 -248
-7303 -248
7303 248
-7303 248
-219 7311
219 7311
-219 -7311
219 -7311
7311 -219
-7311 -219
7311 219
-7311 219
-190 7320
190 7320
-190 -7320
190 -7320
7320 -190
-7320 -190
7320 190
-7320 190
-161 7330
161 7330
-161 -7330
161 -7330
7330 -161
-7330 -161
7330 161
-7330 161
-132 7341
132 7341
-132 -7341
132 -7341
7341 -132
-7341 -132
7341 132
-7341 132
-103 7353
103 7353
-103 -7353
103 -7353
7353 -103
-7353 -103
7353 103
-7353 103
-74 7366
74 7366
-74 -7366
74 -7366
7366 -74
-7366 -74
7366 74
-7366 74
-45 7380
45 7380
-45 -7380
45 -7380
7380 -45
-7380 -45
7380 45
-7380 45
-16 7395
16 7395
-16 -7395
16 -7395
7395 -16
-7395 -16
7395 16
-7395 16