500
0 941
0 6077
1
0 9560
1
0 12770
1
0 2117
0 1791
1
0 11037
0 9837
0 25325
0 9199
1
1
0 7399
0 8370
0 4475
0 8618
0 29293
0 26638
0 608
1
1
0 650
0 289
0 19519
0 21243
0 6180
0 17785
0 19321
0 7313
0 8870
1
0 14858
0 15298
0 28595
0 10161
1
0 29668
0 22487
1
1
0 23525
0 25941
0 8634
1
0 8400
0 4837
1
0 28823
1
1
1
1
0 14944
1
1
0 22190
0 2410
1
1
1
0 24176
0 18360
0 22224
0 10238
0 24510
1
1
1
1
1
0 6824
0 7634
0 25112
1
1
0 20767
0 9559
0 8894
0 22215
0 21707
0 16261
0 26415
0 3371
0 12109
1
1
0 20202
1
0 25161
0 27810
1
0 22034
0 19913
1
1
0 10947
1
0 9187
1
1
0 16633
0 3020
0 496
1
0 16056
1
0 27019
0 10613
0 2146
0 22809
1
0 14806
1
0 12097
1
0 17622
1
0 27830
0 9783
0 6803
1
0 29881
0 20748
0 2916
0 4461
1
0 21413
0 29409
1
1
1
1
0 11847
0 2468
0 15141
0 20262
0 17006
1
0 17478
0 18239
1
0 16731
0 10826
0 18650
0 13710
1
0 25116
0 27054
1
0 8024
1
0 13708
0 5654
1
1
0 9684
0 22893
0 8229
0 25084
1
1
1
0 12682
1
1
0 9374
0 16430
1
1
1
1
0 9909
0 19654
0 26888
1
1
0 20536
1
1
1
0 12566
1
1
0 22868
0 6923
0 1857
0 2252
0 19924
1
0 15638
0 1177
0 4815
1
1
1
0 28633
1
1
0 29405
0 964
0 24066
0 15333
0 29986
0 21474
0 29845
0 23446
1
0 9592
1
0 7803
0 27541
1
0 27726
0 20671
0 12661
0 20882
0 18882
0 29066
1
0 723
0 10683
0 19389
0 19078
0 14954
0 29880
1
1
0 20680
0 965
0 24010
0 5050
0 2242
0 23621
0 12909
1
1
0 26477
1
0 27943
0 25789
0 29437
1
1
0 24755
1
1
0 16821
0 13175
1
0 26186
1
0 23983
1
0 12115
0 21114
0 9472
1
0 8758
1
0 6588
1
0 25672
0 9162
0 27491
0 12308
1
0 7560
1
0 26544
0 13130
1
0 11061
0 12897
0 22745
0 13676
0 18479
1
1
0 21731
0 5384
0 1064
1
0 14020
0 26327
0 12443
0 4342
0 14111
1
1
0 24491
0 4057
0 4328
1
0 24653
0 4665
1
0 8276
0 7431
1
0 20688
1
0 437
0 17447
0 5743
0 24347
0 14627
0 22425
1
0 27171
0 26232
0 8961
0 3258
0 10590
0 17205
0 20372
0 29866
0 2856
0 8317
0 7085
0 2418
0 15416
0 6725
1
0 29098
0 17360
0 11272
0 27448
0 17205
0 27880
1
1
0 14850
0 6205
0 2857
0 1833
0 11533
0 25960
0 11824
0 8254
0 5451
0 12371
1
0 152
1
1
1
0 8177
0 3557
0 12196
0 15632
1
0 9744
0 8211
0 25653
0 15115
1
0 10036
0 12960
0 10840
0 21297
0 5257
1
0 14493
0 13969
1
1
0 16520
0 26825
0 17712
0 8963
0 17387
1
0 26415
1
0 1367
0 24680
0 6632
0 20053
0 8038
0 7083
0 10585
0 18230
1
0 6889
0 15360
1
0 18121
0 17176
0 21084
1
0 13227
0 16743
0 15463
0 26835
0 18100
0 12794
1
0 1137
0 27201
1
0 28024
0 1696
1
0 26464
1
0 17593
0 23756
0 773
1
0 23632
0 15194
0 28021
1
1
1
0 3941
0 4646
0 14933
1
0 8880
1
1
1
0 7262
0 17531
1
1
0 2275
0 12468
1
0 15460
0 21768
1
1
1
0 24219
0 7896
0 14297
0 1289
0 20015
0 6997
0 10547
1
0 17477
0 746
0 20039
0 10816
0 24146
0 2393
1
0 22399
0 13506
0 5097
0 14180
1
0 18617
0 2695
0 1107
0 4075
1
1
0 18733
0 17237
1
0 12333
1
0 29078
1
0 12787
0 29473
0 1034
0 3271
0 18410
0 18272
0 9586
0 26138
1
1
1
0 338
1
0 5294
1
0 11266
1
1
0 27359
0 4563
1
0 9131
0 17143
0 25110
1
0 22903
0 4880
0 8851