1000
0 941
0 6077
1
0 9560
1
0 12770
1
0 2117
0 1791
1
0 11037
0 9837
0 25325
0 9199
1
1
0 7399
0 8370
0 4475
0 8618
0 29293
0 26638
0 608
1
1
0 650
0 289
0 19519
0 21243
0 6180
0 17785
0 19321
0 7313
0 8870
1
0 14858
0 15298
0 28595
0 10161
1
0 29668
0 22487
1
1
0 23525
0 25941
0 8634
1
0 8400
0 4837
1
0 28823
1
1
1
1
0 14944
1
1
0 22190
0 2410
1
1
1
0 24176
0 18360
0 22224
0 10238
0 24510
1
1
1
1
1
0 6824
0 7634
0 25112
1
1
0 20767
0 9559
0 8894
0 22215
0 21707
0 16261
0 26415
0 3371
0 12109
1
1
0 20202
1
0 25161
0 27810
1
0 22034
0 19913
1
1
0 10947
1
0 9187
1
1
0 16633
0 3020
0 496
1
0 16056
1
0 27019
0 10613
0 2146
0 22809
1
0 14806
1
0 12097
1
0 17622
1
0 27830
0 9783
0 6803
1
0 29881
0 20748
0 2916
0 4461
1
0 21413
0 29409
1
1
1
1
0 11847
0 2468
0 15141
0 20262
0 17006
1
0 17478
0 18239
1
0 16731
0 10826
0 18650
0 13710
1
0 25116
0 27054
1
0 8024
1
0 13708
0 5654
1
1
0 9684
0 22893
0 8229
0 25084
1
1
1
0 12682
1
1
0 9374
0 16430
1
1
1
1
0 9909
0 19654
0 26888
1
1
0 20536
1
1
1
0 12566
1
1
0 22868
0 6923
0 1857
0 2252
0 19924
1
0 15638
0 1177
0 4815
1
1
1
0 28633
1
1
0 29405
0 964
0 24066
0 15333
0 29986
0 21474
0 29845
0 23446
1
0 9592
1
0 7803
0 27541
1
0 27726
0 20671
0 12661
0 20882
0 18882
0 29066
1
0 723
0 10683
0 19389
0 19078
0 14954
0 29880
1
1
0 20680
0 965
0 24010
0 5050
0 2242
0 23621
0 12909
1
1
0 26477
1
0 27943
0 25789
0 29437
1
1
0 24755
1
1
0 16821
0 13175
1
0 26186
1
0 23983
1
0 12115
0 21114
0 9472
1
0 8758
1
0 6588
1
0 25672
0 9162
0 27491
0 12308
1
0 7560
1
0 26544
0 13130
1
0 11061
0 12897
0 22745
0 13676
0 18479
1
1
0 21731
0 5384
0 1064
1
0 14020
0 26327
0 12443
0 4342
0 14111
1
1
0 24491
0 4057
0 4328
1
0 24653
0 4665
1
0 8276
0 7431
1
0 20688
1
0 437
0 17447
0 5743
0 24347
0 14627
0 22425
1
0 27171
0 26232
0 8961
0 3258
0 10590
0 17205
0 20372
0 29866
0 2856
0 8317
0 7085
0 2418
0 15416
0 6725
1
0 29098
0 17360
0 11272
0 27448
0 17205
0 27880
1
1
0 14850
0 6205
0 2857
0 1833
0 11533
0 25960
0 11824
0 8254
0 5451
0 12371
1
0 152
1
1
1
0 8177
0 3557
0 12196
0 15632
1
0 9744
0 8211
0 25653
0 15115
1
0 10036
0 12960
0 10840
0 21297
0 5257
1
0 14493
0 13969
1
1
0 16520
0 26825
0 17712
0 8963
0 17387
1
0 26415
1
0 1367
0 24680
0 6632
0 20053
0 8038
0 7083
0 10585
0 18230
1
0 6889
0 15360
1
0 18121
0 17176
0 21084
1
0 13227
0 16743
0 15463
0 26835
0 18100
0 12794
1
0 1137
0 27201
1
0 28024
0 1696
1
0 26464
1
0 17593
0 23756
0 773
1
0 23632
0 15194
0 28021
1
1
1
0 3941
0 4646
0 14933
1
0 8880
1
1
1
0 7262
0 17531
1
1
0 2275
0 12468
1
0 15460
0 21768
1
1
1
0 24219
0 7896
0 14297
0 1289
0 20015
0 6997
0 10547
1
0 17477
0 746
0 20039
0 10816
0 24146
0 2393
1
0 22399
0 13506
0 5097
0 14180
1
0 18617
0 2695
0 1107
0 4075
1
1
0 18733
0 17237
1
0 12333
1
0 29078
1
0 12787
0 29473
0 1034
0 3271
0 18410
0 18272
0 9586
0 26138
1
1
1
0 338
1
0 5294
1
0 11266
1
1
0 27359
0 4563
1
0 9131
0 17143
0 25110
1
0 22903
0 4880
0 8851
0 12457
1
1
1
0 25135
1
1
0 8498
0 16401
0 13903
0 5385
0 7397
1
0 26896
1
1
0 20730
1
0 12938
0 23530
0 12411
0 17041
1
0 17457
0 27881
0 17315
0 11663
1
1
0 15439
0 8317
0 20151
0 1948
1
0 4477
0 6345
0 4743
0 19171
0 29376
1
1
1
1
0 28781
0 4486
0 8591
0 15269
1
1
0 2500
0 26723
1
0 27295
0 12439
0 2722
0 26095
1
1
0 24330
1
1
0 11735
0 23362
0 3153
1
1
0 7138
0 3105
0 1011
0 29327
0 20780
0 10032
0 16721
0 9760
0 2895
1
0 16086
0 893
0 15047
1
1
0 6517
0 27189
0 19298
1
0 21637
1
0 19703
1
0 16023
0 3976
0 23475
0 6669
0 29080
0 24262
0 196
0 16250
0 13939
0 24820
1
1
0 5309
1
0 26588
0 1566
1
0 769
0 224
1
0 8695
0 58
1
1
1
1
0 11836
0 22271
0 10911
0 6026
0 10931
0 8329
0 28051
0 8071
0 8261
0 26381
0 25504
1
1
0 22684
1
0 22933
0 20530
0 19918
1
1
1
1
0 21889
0 6099
1
0 7847
0 22553
0 22012
0 27232
0 4897
0 4837
1
0 1971
1
0 24418
0 7166
1
0 25943
0 21695
1
0 15680
1
1
0 12111
1
0 21225
0 16992
0 8909
0 15455
0 14294
0 9819
1
1
1
0 10040
0 10385
1
1
1
0 26842
0 1687
1
0 9114
0 29738
1
0 22619
0 25616
0 17890
1
1
0 15138
0 440
1
0 17808
0 24419
0 5519
0 2356
0 18942
0 2154
0 4596
0 4991
0 17645
1
0 1690
0 22550
0 14304
0 4973
0 16166
1
1
0 13147
0 20515
1
1
1
1
0 27900
1
1
0 28314
1
1
1
1
1
0 16359
0 19316
0 11044
0 13276
0 22927
0 10389
0 27940
0 12427
0 7884
1
0 13768
0 27952
0 20826
1
1
0 4074
1
1
0 18947
1
1
0 22585
1
0 26874
1
0 11140
0 1081
0 3888
1
0 25802
0 290
0 9755
0 13196
0 18749
1
0 12423
1
0 2837
1
0 7135
0 2475
0 14646
0 18220
0 26817
0 5564
0 28939
0 8088
0 21930
0 13011
1
0 3694
0 9102
0 23350
0 1629
0 19627
0 3708
0 24656
0 18584
0 8253
0 18026
0 25412
1
0 2875
0 15381
0 10882
0 24138
0 14478
0 25377
0 881
1
0 24604
1
0 7180
0 21124
1
1
0 709
0 13919
1
1
1
0 29614
1
1
0 23997
0 2607
0 16989
0 22125
1
1
1
0 25974
0 23460
1
0 19994
1
1
1
1
0 11429
0 15344
1
0 4576
0 15001
0 8308
0 26649
0 25908
1
0 11409
0 14172
0 15999
0 28693
1
0 7352
0 16748
0 18945
1
0 9499
1
0 11195
0 360
1
0 17588
0 19790
1
0 12560
0 23051
0 142
0 23276
0 19535
0 11443
0 774
1
0 10707
0 18951
0 26176
1
1
0 20445
1
0 22658
0 8818
1
1
0 17842
1
0 22940
0 20985
1
0 23615
0 14000
0 14983
0 16244
0 7741
0 9231
0 5591
0 14518
0 3188
0 1203
0 25472
0 10404
0 10932
0 8127
0 14586
0 21058
0 13963
0 7300
1
0 22127
1
0 23165
0 2081
0 4511
0 3028
0 5067
0 15740
0 4225
0 17000
1
0 26659
0 9122
0 13047
0 20199
0 23126
0 872
0 20050
0 5862
0 29954
0 20383
1
0 3663
0 29596
0 4300
1
1
0 10092
0 19580
1
1
0 15120
0 6001
1
0 13238
0 12204
1
0 12503
1
0 4496
0 26989
1
1
1
0 22864
0 21638
0 19344
1
0 11800
1
0 19983
0 3160
0 2131
0 3830
1
0 19505
0 11779
1
0 3499
1
0 17921
0 15524
1
0 6430
1
0 20925
0 14475
0 14244
0 2753
0 9729
1
0 25655
0 27807
1
0 20676
1
0 3182
1
1
0 25727
1
1
0 8851
0 17322
0 15245
0 26488
0 25679
0 7458
0 3045
0 14238
0 10565
0 24675
0 16207
0 12017
0 12827
1
0 10411
0 9058
0 7300
1
0 18036
1
0 7460
0 11214
0 7922
0 20227
0 25851
1
0 15069
0 2164
0 4782
1