5000
0 941
0 6077
1
0 9560
1
0 12770
1
0 2117
0 1791
1
0 11037
0 9837
0 25325
0 9199
1
1
0 7399
0 8370
0 4475
0 8618
0 29293
0 26638
0 608
1
1
0 650
0 289
0 19519
0 21243
0 6180
0 17785
0 19321
0 7313
0 8870
1
0 14858
0 15298
0 28595
0 10161
1
0 29668
0 22487
1
1
0 23525
0 25941
0 8634
1
0 8400
0 4837
1
0 28823
1
1
1
1
0 14944
1
1
0 22190
0 2410
1
1
1
0 24176
0 18360
0 22224
0 10238
0 24510
1
1
1
1
1
0 6824
0 7634
0 25112
1
1
0 20767
0 9559
0 8894
0 22215
0 21707
0 16261
0 26415
0 3371
0 12109
1
1
0 20202
1
0 25161
0 27810
1
0 22034
0 19913
1
1
0 10947
1
0 9187
1
1
0 16633
0 3020
0 496
1
0 16056
1
0 27019
0 10613
0 2146
0 22809
1
0 14806
1
0 12097
1
0 17622
1
0 27830
0 9783
0 6803
1
0 29881
0 20748
0 2916
0 4461
1
0 21413
0 29409
1
1
1
1
0 11847
0 2468
0 15141
0 20262
0 17006
1
0 17478
0 18239
1
0 16731
0 10826
0 18650
0 13710
1
0 25116
0 27054
1
0 8024
1
0 13708
0 5654
1
1
0 9684
0 22893
0 8229
0 25084
1
1
1
0 12682
1
1
0 9374
0 16430
1
1
1
1
0 9909
0 19654
0 26888
1
1
0 20536
1
1
1
0 12566
1
1
0 22868
0 6923
0 1857
0 2252
0 19924
1
0 15638
0 1177
0 4815
1
1
1
0 28633
1
1
0 29405
0 964
0 24066
0 15333
0 29986
0 21474
0 29845
0 23446
1
0 9592
1
0 7803
0 27541
1
0 27726
0 20671
0 12661
0 20882
0 18882
0 29066
1
0 723
0 10683
0 19389
0 19078
0 14954
0 29880
1
1
0 20680
0 965
0 24010
0 5050
0 2242
0 23621
0 12909
1
1
0 26477
1
0 27943
0 25789
0 29437
1
1
0 24755
1
1
0 16821
0 13175
1
0 26186
1
0 23983
1
0 12115
0 21114
0 9472
1
0 8758
1
0 6588
1
0 25672
0 9162
0 27491
0 12308
1
0 7560
1
0 26544
0 13130
1
0 11061
0 12897
0 22745
0 13676
0 18479
1
1
0 21731
0 5384
0 1064
1
0 14020
0 26327
0 12443
0 4342
0 14111
1
1
0 24491
0 4057
0 4328
1
0 24653
0 4665
1
0 8276
0 7431
1
0 20688
1
0 437
0 17447
0 5743
0 24347
0 14627
0 22425
1
0 27171
0 26232
0 8961
0 3258
0 10590
0 17205
0 20372
0 29866
0 2856
0 8317
0 7085
0 2418
0 15416
0 6725
1
0 29098
0 17360
0 11272
0 27448
0 17205
0 27880
1
1
0 14850
0 6205
0 2857
0 1833
0 11533
0 25960
0 11824
0 8254
0 5451
0 12371
1
0 152
1
1
1
0 8177
0 3557
0 12196
0 15632
1
0 9744
0 8211
0 25653
0 15115
1
0 10036
0 12960
0 10840
0 21297
0 5257
1
0 14493
0 13969
1
1
0 16520
0 26825
0 17712
0 8963
0 17387
1
0 26415
1
0 1367
0 24680
0 6632
0 20053
0 8038
0 7083
0 10585
0 18230
1
0 6889
0 15360
1
0 18121
0 17176
0 21084
1
0 13227
0 16743
0 15463
0 26835
0 18100
0 12794
1
0 1137
0 27201
1
0 28024
0 1696
1
0 26464
1
0 17593
0 23756
0 773
1
0 23632
0 15194
0 28021
1
1
1
0 3941
0 4646
0 14933
1
0 8880
1
1
1
0 7262
0 17531
1
1
0 2275
0 12468
1
0 15460
0 21768
1
1
1
0 24219
0 7896
0 14297
0 1289
0 20015
0 6997
0 10547
1
0 17477
0 746
0 20039
0 10816
0 24146
0 2393
1
0 22399
0 13506
0 5097
0 14180
1
0 18617
0 2695
0 1107
0 4075
1
1
0 18733
0 17237
1
0 12333
1
0 29078
1
0 12787
0 29473
0 1034
0 3271
0 18410
0 18272
0 9586
0 26138
1
1
1
0 338
1
0 5294
1
0 11266
1
1
0 27359
0 4563
1
0 9131
0 17143
0 25110
1
0 22903
0 4880
0 8851
0 12457
1
1
1
0 25135
1
1
0 8498
0 16401
0 13903
0 5385
0 7397
1
0 26896
1
1
0 20730
1
0 12938
0 23530
0 12411
0 17041
1
0 17457
0 27881
0 17315
0 11663
1
1
0 15439
0 8317
0 20151
0 1948
1
0 4477
0 6345
0 4743
0 19171
0 29376
1
1
1
1
0 28781
0 4486
0 8591
0 15269
1
1
0 2500
0 26723
1
0 27295
0 12439
0 2722
0 26095
1
1
0 24330
1
1
0 11735
0 23362
0 3153
1
1
0 7138
0 3105
0 1011
0 29327
0 20780
0 10032
0 16721
0 9760
0 2895
1
0 16086
0 893
0 15047
1
1
0 6517
0 27189
0 19298
1
0 21637
1
0 19703
1
0 16023
0 3976
0 23475
0 6669
0 29080
0 24262
0 196
0 16250
0 13939
0 24820
1
1
0 5309
1
0 26588
0 1566
1
0 769
0 224
1
0 8695
0 58
1
1
1
1
0 11836
0 22271
0 10911
0 6026
0 10931
0 8329
0 28051
0 8071
0 8261
0 26381
0 25504
1
1
0 22684
1
0 22933
0 20530
0 19918
1
1
1
1
0 21889
0 6099
1
0 7847
0 22553
0 22012
0 27232
0 4897
0 4837
1
0 1971
1
0 24418
0 7166
1
0 25943
0 21695
1
0 15680
1
1
0 12111
1
0 21225
0 16992
0 8909
0 15455
0 14294
0 9819
1
1
1
0 10040
0 10385
1
1
1
0 26842
0 1687
1
0 9114
0 29738
1
0 22619
0 25616
0 17890
1
1
0 15138
0 440
1
0 17808
0 24419
0 5519
0 2356
0 18942
0 2154
0 4596
0 4991
0 17645
1
0 1690
0 22550
0 14304
0 4973
0 16166
1
1
0 13147
0 20515
1
1
1
1
0 27900
1
1
0 28314
1
1
1
1
1
0 16359
0 19316
0 11044
0 13276
0 22927
0 10389
0 27940
0 12427
0 7884
1
0 13768
0 27952
0 20826
1
1
0 4074
1
1
0 18947
1
1
0 22585
1
0 26874
1
0 11140
0 1081
0 3888
1
0 25802
0 290
0 9755
0 13196
0 18749
1
0 12423
1
0 2837
1
0 7135
0 2475
0 14646
0 18220
0 26817
0 5564
0 28939
0 8088
0 21930
0 13011
1
0 3694
0 9102
0 23350
0 1629
0 19627
0 3708
0 24656
0 18584
0 8253
0 18026
0 25412
1
0 2875
0 15381
0 10882
0 24138
0 14478
0 25377
0 881
1
0 24604
1
0 7180
0 21124
1
1
0 709
0 13919
1
1
1
0 29614
1
1
0 23997
0 2607
0 16989
0 22125
1
1
1
0 25974
0 23460
1
0 19994
1
1
1
1
0 11429
0 15344
1
0 4576
0 15001
0 8308
0 26649
0 25908
1
0 11409
0 14172
0 15999
0 28693
1
0 7352
0 16748
0 18945
1
0 9499
1
0 11195
0 360
1
0 17588
0 19790
1
0 12560
0 23051
0 142
0 23276
0 19535
0 11443
0 774
1
0 10707
0 18951
0 26176
1
1
0 20445
1
0 22658
0 8818
1
1
0 17842
1
0 22940
0 20985
1
0 23615
0 14000
0 14983
0 16244
0 7741
0 9231
0 5591
0 14518
0 3188
0 1203
0 25472
0 10404
0 10932
0 8127
0 14586
0 21058
0 13963
0 7300
1
0 22127
1
0 23165
0 2081
0 4511
0 3028
0 5067
0 15740
0 4225
0 17000
1
0 26659
0 9122
0 13047
0 20199
0 23126
0 872
0 20050
0 5862
0 29954
0 20383
1
0 3663
0 29596
0 4300
1
1
0 10092
0 19580
1
1
0 15120
0 6001
1
0 13238
0 12204
1
0 12503
1
0 4496
0 26989
1
1
1
0 22864
0 21638
0 19344
1
0 11800
1
0 19983
0 3160
0 2131
0 3830
1
0 19505
0 11779
1
0 3499
1
0 17921
0 15524
1
0 6430
1
0 20925
0 14475
0 14244
0 2753
0 9729
1
0 25655
0 27807
1
0 20676
1
0 3182
1
1
0 25727
1
1
0 8851
0 17322
0 15245
0 26488
0 25679
0 7458
0 3045
0 14238
0 10565
0 24675
0 16207
0 12017
0 12827
1
0 10411
0 9058
0 7300
1
0 18036
1
0 7460
0 11214
0 7922
0 20227
0 25851
1
0 15069
0 2164
0 4782
1
0 19686
0 25571
1
0 6770
0 8362
1
0 15438
0 12351
1
0 5473
0 24983
0 10379
1
0 24575
1
0 11595
1
0 23224
0 20335
0 18807
0 20665
0 3995
0 2319
1
0 20263
0 6260
1
1
0 18585
0 27304
0 22512
0 7449
0 25779
1
1
0 7272
0 2305
1
0 18658
1
1
1
1
0 20632
1
0 28448
0 26106
0 22657
1
1
0 5578
1
1
1
0 5863
1
1
0 624
1
1
1
1
0 8500
0 12502
0 13370
1
0 20621
0 4432
0 10446
0 28867
0 27639
1
1
0 25096
1
1
1
0 29108
0 18122
0 1476
0 24287
0 17434
0 3289
0 16434
0 10095
0 29028
1
1
0 9386
0 4281
0 29832
0 6832
0 28805
0 2553
1
0 24139
0 22313
1
0 15672
0 24408
1
0 25600
0 25723
1
1
0 22790
0 17442
1
1
1
0 16476
0 17702
1
0 18392
0 24203
0 14853
0 12123
0 1751
0 10412
0 5874
1
0 2229
0 29557
0 15379
1
0 16184
0 17117
1
0 29286
0 23259
1
0 6937
0 27641
0 10751
1
0 20944
1
0 14135
0 23981
0 26234
0 15239
0 140
0 23514
1
0 23878
0 23049
1
0 26826
0 8123
0 1152
0 13315
0 13792
0 26808
0 17209
0 18610
1
0 17137
1
0 20533
1
0 20091
0 26685
0 25277
0 26441
1
1
0 20118
1
1
0 16243
1
0 155
0 112
0 5055
1
0 16162
0 5263
1
1
0 9606
0 7519
0 11086
0 10789
0 16624
0 24492
0 27496
0 18345
1
0 22531
0 10235
0 12126
0 4680
1
1
0 2766
0 5348
1
0 5082
0 5048
0 25430
1
1
1
1
0 20965
0 1715
0 21938
0 9044
0 4629
0 23436
1
1
0 13974
1
0 7437
1
0 22107
1
0 5257
0 12248
1
1
1
0 12245
1
0 3164
0 27684
0 14148
0 13852
0 14230
0 9298
0 4683
1
0 17031
1
0 4989
0 26289
0 3097
0 25888
1
0 13850
0 19113
1
0 3071
1
0 1285
0 28848
0 18109
0 10405
1
0 24564
0 5659
0 8650
1
1
0 15564
0 4920
0 24107
0 12929
0 26423
0 9530
0 22164
0 14060
0 26045
1
0 21561
0 2143
1
0 5233
0 20248
0 23876
1
0 20389
0 15410
1
0 13786
0 29285
0 3741
1
0 27653
0 3848
1
1
0 22307
0 21935
0 20620
0 4866
0 21150
0 22843
1
1
1
0 11947
0 16989
0 6026
0 9155
0 6690
1
0 4726
0 13232
0 5791
1
0 8318
0 2571
1
1
0 1850
0 4606
0 4416
0 8007
0 13482
1
0 22739
0 29811
0 18935
0 27998
0 21494
0 10498
1
0 29008
1
1
1
0 18073
0 16114
0 5744
1
0 13727
1
1
0 3060
0 24090
0 3678
0 26764
0 12708
0 2913
1
1
0 21419
1
0 4773
1
0 14516
0 26649
0 27550
1
0 22968
1
0 13200
0 7192
1
0 27525
0 22717
0 8553
0 3116
0 21929
0 4112
1
0 17767
0 16477
0 22004
1
0 925
0 10293
0 4382
1
1
0 16791
1
0 16350
1
0 19637
0 125
1
1
0 14115
1
0 25469
0 10790
1
0 28408
0 20255
1
0 2852
1
1
1
1
0 24561
0 13753
0 6818
0 29431
1
0 24359
1
1
1
1
0 26498
0 17955
0 23613
0 10584
1
0 14928
1
0 16134
0 24118
0 28507
1
0 7794
0 21397
0 26378
0 21015
1
0 3506
0 17545
0 22579
1
1
0 27585
1
0 4197
0 10701
1
1
0 5271
0 10312
0 16746
0 29617
0 27212
0 11709
0 24752
0 18243
1
0 6371
0 6961
1
0 29272
1
0 18389
1
0 24276
0 14490
0 3230
0 24014
0 18530
0 14326
0 14357
0 273
0 8848
1
1
1
0 18063
0 16040
0 23021
0 19006
0 12459
0 22525
0 3307
1
1
1
0 10324
0 1915
0 28742
1
0 29937
0 442
0 13950
0 7226
0 21022
0 2308
0 24931
0 22181
1
1
1
0 16225
0 11528
0 9955
0 19601
1
0 19973
1
0 7858
1
1
0 10447
0 9642
0 20378
0 1812
0 4997
1
0 8471
0 13359
1
0 18967
0 24041
0 8516
0 1420
0 29726
1
0 7245
0 14709
0 11415
0 6192
0 11390
0 13557
1
0 11437
0 12457
0 11706
0 4712
1
0 25379
0 27290
0 23064
0 25299
0 18047
0 27014
0 21496
0 5548
1
0 19054
1
0 19151
0 10568
0 11146
1
1
1
1
1
0 4920
1
0 23824
0 14816
0 19171
1
0 91
0 1137
1
0 29704
1
1
1
1
1
0 2731
1
1
1
0 22475
0 19210
0 13486
0 10812
0 1679
1
0 16179
1
0 15945
0 15172
0 28568
0 10945
1
0 8573
1
0 27864
1
1
0 4729
1
1
0 12959
1
0 21213
1
0 3756
0 1003
1
0 29405
0 17725
0 2950
1
0 17426
1
0 13749
0 14909
0 21845
1
1
0 13965
0 4168
0 1800
0 29889
0 25064
0 16457
1
1
1
1
0 5500
0 20370
0 19381
0 18797
1
0 10369
1
0 20634
1
0 4048
1
0 25780
0 2796
0 4068
0 273
0 11378
0 23573
0 18091
0 19439
0 3560
1
0 4201
0 947
0 29748
1
0 5169
1
0 22805
1
0 3931
0 21010
1
0 27087
0 8241
0 256
0 22244
0 6880
0 27
0 28139
0 16275
1
0 0
0 12210
1
1
0 25490
1
1
0 27387
0 18089
1
0 19512
1
0 24055
0 28867
0 23050
0 16688
1
0 17224
1
0 3285
0 23479
1
0 16473
0 15542
1
0 20435
0 27884
1
0 12444
0 5135
1
0 25045
0 5603
0 2327
0 19738
0 20407
1
0 447
1
0 11695
0 16021
0 21518
1
0 23057
0 12972
0 22003
0 14749
0 13233
0 20182
0 24254
0 29747
0 16930
0 28713
0 19384
1
0 2495
0 8150
0 7868
0 13397
1
1
0 11044
1
0 4613
0 1966
1
1
0 14933
1
0 16071
0 17464
0 21924
0 12315
0 26281
1
1
0 23066
0 11052
0 14295
1
0 3078
0 21610
1
0 15638
0 6708
1
0 26494
0 25891
1
0 17926
1
0 7623
0 15676
1
1
0 21543
1
0 11565
0 26523
0 8868
0 18509
0 18868
0 19396
0 25250
1
1
0 19637
1
1
0 10833
0 28596
0 3152
1
0 8650
1
0 12756
1
1
1
0 20087
0 29499
0 18595
0 7909
0 7140
0 22982
0 24621
0 14383
0 12940
0 17091
0 22714
0 20485
1
0 9738
1
0 11191
0 29101
0 12718
0 11431
1
0 29903
0 10105
0 26956
0 18419
0 23096
1
0 17717
0 28952
0 25105
1
0 15486
1
1
1
0 26947
1
0 22576
0 21024
0 646
1
1
1
0 10056
0 8717
0 29651
0 6928
0 27210
0 25631
1
0 14259
0 7904
0 21462
0 22598
0 15662
0 7606
1
1
0 24826
0 3135
1
0 21054
0 20818
1
0 3749
0 25767
1
1
1
1
0 9621
1
0 9959
0 11406
0 22270
0 16447
1
0 1257
0 4038
0 4893
0 5103
0 22346
0 1269
1
0 28223
0 27339
1
0 21888
1
0 692
0 18638
1
0 3867
1
0 28039
1
1
0 29346
0 24986
0 17418
1
0 14852
0 29699
1
0 29186
0 1708
0 12746
0 21733
0 984
0 6140
0 18535
0 26759
0 21196
1
0 1346
0 17504
1
1
0 2458
0 25310
0 986
1
1
0 1478
1
0 18588
0 25328
0 12360
0 18120
1
1
1
0 28291
1
0 27692
0 24472
0 21369
1
1
0 4575
1
0 6681
0 10895
1
0 9091
0 10913
1
0 20829
1
1
1
1
1
0 23627
0 11899
0 2576
1
0 28124
1
0 14275
1
0 24601
0 15051
0 22025
0 4593
1
0 27086
1
0 25369
0 20135
0 28692
1
0 17180
0 18901
0 12569
0 11433
0 21963
0 3041
0 1056
0 11143
0 12825
0 9259
1
0 20455
0 1411
1
0 26903
0 13896
0 28403
0 3586
1
0 17660
0 19725
1
1
0 24042
1
1
0 23940
0 16481
0 9756
0 25628
0 22595
0 23554
0 2116
1
1
0 15441
0 5532
0 7970
0 21713
0 24379
1
1
0 25586
1
0 10177
0 3053
0 18598
0 19576
0 10537
0 27493
1
0 17791
1
0 9711
0 27099
0 24851
0 19958
0 12022
0 6711
0 23208
0 24892
0 16604
1
0 15793
0 18847
0 8069
0 16145
0 23598
0 28929
0 21737
0 9935
0 1681
1
0 4264
1
0 6663
1
0 9886
0 18250
1
0 10260
0 16712
0 11559
0 13738
1
0 17488
0 24185
0 2104
1
0 21855
0 14513
1
1
0 245
1
1
0 26206
0 28360
0 4176
1
0 2202
1
0 19736
1
0 20968
1
0 6227
0 17186
0 29343
0 2770
0 17531
0 3213
0 20519
0 24140
0 19648
1
0 3535
0 19813
1
0 3975
0 18356
0 2481
1
0 28841
0 12383
0 1960
0 2059
1
0 21893
0 16879
0 1875
0 22043
0 16241
0 2490
0 16675
0 21951
0 27636
0 20364
0 28614
1
1
1
1
0 5764
1
1
1
0 78
1
0 28394
0 22562
1
1
0 6169
0 5474
0 25257
1
0 22140
0 14962
0 15517
0 12135
0 21093
0 16415
0 11665
1
0 24298
0 2875
0 25157
0 46
0 19716
1
0 20629
0 17518
0 1897
0 15924
1
0 6170
0 21191
1
0 26417
1
1
0 23007
0 22812
0 9380
0 7751
1
0 21013
0 18306
0 15347
0 3361
0 1568
0 16494
1
0 24557
0 17318
0 5742
0 21285
0 22307
0 11855
0 5326
1
1
0 29711
0 24210
0 29586
0 19704
0 8103
0 21385
0 4354
0 7293
0 17544
1
0 4119
1
0 11188
0 26681
0 4146
1
0 19780
0 14716
0 10450
0 6234
1
0 16009
0 21382
0 27733
1
0 20259
0 27267
1
0 16859
1
0 13490
1
0 23585
0 20664
1
0 4813
0 17718
0 11566
0 29953
0 15860
1
1
1
1
1
1
0 4336
0 3708
0 2571
1
0 10850
0 9773
0 19942
0 17035
1
1
1
0 8297
0 24454
0 6087
0 29142
0 12493
0 14284
0 17673
1
0 16934
0 11736
0 5086
1
1
0 11154
1
0 3365
1
1
0 3649
0 1364
1
0 25560
0 16609
0 8641
1
0 28031
0 11413
0 18189
1
1
1
0 18319
0 18303
0 22964
0 1689
0 16057
0 13033
0 11252
1
1
0 13147
0 29684
0 8066
1
1
0 12164
0 28433
0 13283
1
1
1
0 14939
0 29529
1
0 23897
0 24180
0 19347
1
1
1
0 15707
1
0 18817
0 29613
0 6135
1
0 12776
1
1
0 10166
1
0 20883
0 8363
0 29050
0 29198
1
0 13964
0 13307
0 5346
0 27484
0 18630
0 18914
0 27727
0 24585
0 7913
0 21207
1
0 19319
1
1
1
1
1
1
0 17484
0 2656
0 2429
0 20133
1
0 6776
0 2901
0 16320
0 7893
0 991
0 18060
0 26555
0 11172
0 28243
1
0 28461
0 13824
0 17243
1
1
0 17540
1
0 26098
1
0 2299
1
1
0 10936
0 5099
0 6493
1
1
0 20979
0 7545
0 13858
1
1
0 22782
0 25557
0 17290
0 29081
0 11873
0 2561
0 12302
0 5908
0 6643
0 7250
1
1
0 4066
0 28362
0 4074
1
0 1054
0 23121
1
0 8100
1
1
0 18959
1
0 15692
0 141
0 11534
1
1
0 17689
0 280
0 22679
1
0 9533
0 18009
0 16303
0 1128
0 8475
0 19142
0 3718
0 20172
1
0 21603
1
0 9597
0 29404
0 28034
1
1
1
0 28080
0 11440
0 8822
1
0 15567
0 25998
1
0 3844
0 16158
1
0 26814
0 27533
0 28666
0 28844
0 28200
0 15947
0 25798
1
0 7194
0 2266
1
1
0 5690
0 9075
0 12740
0 14483
1
1
0 8961
0 22445
1
0 21245
1
0 9223
0 16071
0 28605
1
1
0 415
1
1
0 4002
0 26745
0 12308
0 26028
0 7361
0 24583
0 1797
0 13443
0 18476
0 20940
0 27689
0 24329
1
0 11322
0 5776
0 6866
1
0 10145
1
0 14910
1
1
1
0 16958
1
0 1992
0 6647
0 8725
1
1
0 27440
1
1
0 11148
0 25572
0 17591
1
0 2610
0 18275
0 11426
0 13556
1
0 18109
0 22799
0 29552
0 7808
0 19658
0 5144
0 5359
0 6783
1
0 24461
0 28031
1
0 8766
0 24763
0 3721
0 466
0 11545
0 4583
0 5727
0 12607
1
1
1
0 14713
1
0 26133
0 8876
0 23202
1
0 18759
1
0 10898
1
0 9659
0 8178
0 14031
1
0 5683
1
0 17581
1
0 17685
1
0 22839
0 18397
0 19986
0 24503
0 18360
0 11912
1
0 21724
0 25873
0 21523
0 22286
0 16724
0 11431
1
0 12979
0 11092
0 8860
0 5736
0 1226
0 24925
1
0 14976
1
0 12819
1
0 6039
0 6793
1
0 24943
0 2221
1
0 14191
1
0 12408
0 28140
0 9722
1
0 9085
0 24423
1
1
1
0 1546
1
0 29644
1
1
0 18506
1
0 27549
0 12193
1
0 8670
0 643
0 4970
0 17627
1
1
0 5128
1
1
1
1
1
0 11276
0 24054
0 3891
1
0 18102
1
0 17158
1
1
0 20769
0 29399
0 25455
1
1
0 11883
0 7921
0 11029
0 1315
0 2676
0 2350
0 9881
0 28036
1
1
0 8741
0 11873
0 3024
0 20995
0 227
0 22543
1
0 23602
1
0 18363
0 6794
1
0 2264
0 848
0 9396
0 28554
0 12396
1
0 19155
0 7764
0 23191
0 19008
0 15425
0 20600
1
1
0 21320
0 6401
0 19758
0 5958
1
0 17107
0 1696
1
0 13450
0 29058
0 1434
1
1
0 8097
1
1
0 16661
0 23785
0 3886
0 14286
0 4754
1
0 17737
1
0 21530
0 18112
0 13550
0 2544
0 9305
1
1
1
0 20515
0 19779
0 15722
0 24244
0 1689
0 5008
0 11989
0 4282
0 13749
0 17719
0 25458
0 25875
0 29608
0 26510
1
0 2629
0 22730
0 12149
1
0 10646
0 4317
0 20865
1
0 8099
1
0 10884
0 5207
0 4674
0 20091
0 16291
0 27524
0 12651
0 23634
0 17638
0 22718
0 8998
0 25872
1
1
1
0 2644
0 1908
1
1
0 13617
0 2506
1
0 3964
0 22273
0 29330
1
1
0 13836
0 13729
1
0 7418
0 17137
0 25457
0 14823
0 24547
1
0 13140
0 12385
1
1
1
1
0 14205
1
1
0 6353
1
0 13125
1
0 4701
0 21707
1
0 9185
0 2029
1
1
1
1
0 6750
0 16807
0 25875
0 12634
0 12079
1
0 12540
1
0 8063
0 5707
0 5098
0 5295
1
0 7190
0 9671
0 6262
1
0 5538
0 13557
0 10446
1
0 11135
0 15235
0 4034
0 4113
0 15591
1
0 25449
0 26936
0 15384
0 3604
0 29924
0 15255
0 22200
1
1
1
0 14054
1
0 18938
1
1
1
1
1
0 25826
0 24683
0 22540
0 13080
0 6076
0 25009
1
0 14780
0 21023
0 2280
0 5368
1
0 28438
0 22786
0 7739
0 14651
0 3495
0 2809
0 22748
1
0 7176
0 3841
0 4535
0 3414
1
1
0 15168
1
1
0 29140
0 21008
0 28891
0 25121
0 8405
0 27840
1
0 8783
0 15334
0 27746
0 2271
0 12772
0 11047
1
0 22391
0 26544
1
1
0 2210
0 2594
1
1
0 4969
0 18519
1
0 4005
0 26064
0 2833
0 12667
0 29292
1
0 17213
0 18830
0 4123
0 5723
1
1
0 7398
0 19115
0 21155
0 24239
1
0 21076
1
0 15998
1
1
0 1257
0 4305
0 13010
1
0 19376
1
0 4572
0 4998
0 27171
0 11740
0 19007
0 1159
0 29078
0 875
0 3410
1
1
0 27410
0 20852
1
0 4423
0 7330
1
0 15836
1
0 15768
0 29598
1
1
0 1295
0 13659
0 12424
1
0 14770
0 20663
0 7625
1
0 11382
1
1
0 19059
0 28899
0 25942
0 25834
0 8196
1
1
0 17456
0 28230
0 10296
0 15081
0 28471
0 18621
0 11331
0 15347
0 29327
0 6333
1
0 24743
0 2410
0 27921
0 17170
1
0 5685
0 23504
0 29261
0 19380
0 371
0 8206
0 19382
0 12534
1
0 25547
0 24916
1
0 8863
0 23505
0 14193
1
1
0 24104
1
0 10513
0 19053
0 22349
0 3548
0 6013
0 20834
0 22703
1
1
1
1
1
0 17123
0 4620
1
0 28307
0 6070
0 2094
0 13296
1
0 17178
1
0 7001
0 24047
1
1
0 14621
0 12813
1
1
1
1
0 20601
1
0 3579
1
0 28385
1
0 17016
0 20353
0 12908
1
1
0 10513
0 25974
0 3557
0 15033
0 20352
1
0 2510
0 6144
0 6557
0 7082
0 12758
1
1
1
0 26312
0 4498
1
1
1
0 25528
0 29469
0 18
0 18837
1
1
1
0 22485
0 16381
0 23720
0 1226
0 3060
0 19994
1
0 26685
1
0 16486
1
0 23321
0 2699
0 16184
0 12965
0 5838
1
1
1
1
1
1
1
1
0 588
1
0 12920
0 11184
1
0 2006
0 19536
0 1567
0 11968
0 22204
1
1
0 25399
1
1
0 20848
1
0 17351
1
0 26817
1
1
0 26927
0 13593
0 22934
0 21029
0 15822
1
0 12738
0 17180
1
0 18839
1
0 1744
1
0 3056
0 17867
0 10390
0 21282
1
1
0 10092
0 25701
0 26966
0 19266
1
1
0 19035
1
1
0 19336
1
0 17626
1
0 15166
1
1
0 28793
0 16190
1
0 11318
0 8987
0 23230
0 29269
1
0 11451
1
0 4066
0 882
0 3283
0 12716
0 20719
1
0 17067
1
0 17708
0 20857
1
0 25651
0 5887
1
1
0 1252
0 6641
0 1535
0 18991
0 24830
0 12411
0 21346
0 14734
1
0 25051
0 24182
0 16522
0 22691
0 13606
1
0 5181
0 22777
0 1075
1
1
0 12689
1
1
0 28512
0 23439
1
0 15101
0 10710
0 25345
0 16840
0 16156
0 20726
1
0 24723
0 29753
0 17276
0 27714
1
0 14455
0 16900
1
0 22909
0 14007
1
0 11408
1
1
0 3716
0 8060
0 25352
0 15998
1
1
1
0 14531
0 186
1
0 22034
0 27119
0 19653
1
0 7809
0 1395
1
0 22677
1
0 29446
0 28215
1
0 28946
0 11887
0 4017
1
0 18661
1
1
0 18102
0 2558
0 2548
0 7723
0 24725
0 25855
0 5199
0 11167
0 21355
1
0 14001
0 17866
0 14118
0 15790
0 1972
0 16591
0 21811
0 7757
0 23685
0 1437
0 4337
1
0 605
1
1
1
1
1
0 62
1
1
1
0 21768
1
0 19871
0 9394
0 7632
0 22992
0 21606
0 10948
0 19512
1
1
0 22373
0 661
1
0 28048
0 14666
1
1
0 5469
1
0 12216
0 29043
0 28864
0 28525
0 16806
1
0 2930
0 11157
0 63
0 18443
0 18694
1
0 14377
0 25106
0 29309
0 24380
0 17280
0 1250
1
0 22677
1
0 5631
0 14719
1
1
0 670
1
0 22998
1
1
0 3316
1
1
0 12332
1
1
1
0 25861
0 8670
0 12959
0 16771
0 6609
0 6400
0 15540
0 14575
0 5552
0 4712
0 22597
0 29914
1
0 14090
0 28862
1
0 1599
0 24076
0 1437
0 4784
1
0 10580
0 3629
0 13234
1
1
0 11946
1
0 2940
0 973
1
0 9182
0 4416
1
0 7461
1
1
0 2425
0 23073
0 26512
0 23124
0 18967
0 4209
0 17867
0 20846
1
0 21878
1
1
1
0 2061
0 11378
0 14770
0 17759
1
0 4335
0 16992
0 21117
0 29965
0 20696
1
0 1623
1
0 1782
0 25470
0 587
0 12083
0 20976
0 15808
0 8600
0 2994
0 29252
0 25338
1
1
0 22756
0 28948
1
1
1
0 23447
0 1141
0 21641
0 9547
1
0 17070
0 17570
1
1
0 21690
0 16394
0 17084
0 18808
1
1
0 26491
0 18764
0 15026
0 23049
1
1
1
0 11283
1
0 15541
0 28137
1
0 26022
0 27471
0 4815
0 15376
0 26194
0 29680
0 21415
1
0 6470
1
0 10061
0 13107
0 10215
0 28299
0 16899
0 6623
0 2925
1
0 14892
1
0 20809
0 2490
1
1
1
1
1
1
0 286
0 14077
0 12159
1
1
0 14947
0 10592
0 16488
0 23105
0 21757
0 9428
0 11491
1
0 27920
0 15530
0 16912
1
0 6467
0 28197
1
0 5073
0 3337
0 21330
1
0 29658
0 23250
1
1
1
0 23164
0 24286
1
1
1
0 893
1
0 2986
0 23950
0 21075
0 23274
0 21839
1
1
0 23081
0 19267
0 28378
0 12635
0 6558
0 9339
0 16517
0 21424
1
1
1
0 24553
1
0 9184
1
0 14653
1
1
1
0 2089
1
0 22677
0 22055
1
0 24509
0 2145
1
0 124
0 28420
1
0 6439
0 8931
0 22321
0 25718
1
1
0 20644
0 25825
0 12317
0 15305
0 9707
0 13257
1
1
0 742
1
1
1
1
0 15534
0 11875
1
1
0 15848
1
0 22367
1
0 20132
1
1
1
0 7065
1
1
0 9328
1
1
0 12290
0 26765
1
1
1
0 223
0 11336
0 3946
0 25405
0 23645
0 161
0 5032
1
0 13755
0 1291
0 25007
0 20466
1
0 16720
1
0 26800
0 24039
0 7269
0 16050
0 26129
0 14517
1
1
1
1
0 1153
0 29793
0 5535
0 28357
1
0 17273
1
1
0 12200
0 8230
1
0 28949
1
0 8335
1
0 3496
0 27712
0 25589
0 10637
0 8588
0 28892
0 26336
1
0 18764
0 4363
1
0 18868
0 662
0 14507
1
0 13636
0 3802
1
0 8156
0 19696
0 15273
1
0 17641
0 8870
0 23661
0 13162
0 17416
0 2804
0 1632
1
1
1
0 2377
0 10336
1
0 11936
1
0 17590
0 20009
0 17336
0 22930
0 27420
0 27383
0 7040
1
0 14940
0 22114
0 778
0 25688
0 21585
1
1
1
1
1
0 17216
0 26624
1
0 9494
0 26003
1
1
1
0 27502
0 71
0 28616
1
0 8528
1
1
1
1
0 19121
0 18230
0 18424
0 26701
0 16515
0 28186
0 20300
1
1
0 8126
1
0 6341
0 28378
0 9644
1
0 25002
1
0 21464
0 22248
1
0 15256
0 6414
0 9125
1
1
0 13367
1
0 26010
0 20434
0 24865
0 5749
1
0 24628
1
0 18831
0 6443
1
0 27961
0 14576
1
1
1
0 18920
0 11476
0 19738
0 1193
0 25020
1
0 904
0 26852
1
0 20359
0 9318
0 11585
0 24780
0 16742
1
0 12723
1
0 22052
0 20679
0 1352
0 22302
0 2073
1
0 29387
1
1
1
1
0 28513
1
1
0 296
0 25122
0 6654
0 9787
0 12082
0 12995
1
0 3011
1
0 19246
0 2183
0 9325
0 12067
0 27131
0 26
0 26479
0 20185
0 18404
0 5765
0 28101
0 23991
0 28939
1
0 9557
0 19044
1
1
0 17969
0 11689
1
0 774
0 25708
1
0 6780
0 2156
1
1
1
1
0 25294
1
0 28209
0 20047
0 25499
0 22211
0 17212
0 4933
0 3961
0 27260
0 5789
0 7091
0 10197
0 23063
1
1
1
0 23415
0 619
0 6242
0 20034
1
0 10016
0 167
1
0 25411
1
0 14845
1
0 29813
0 6066
0 6313
0 20366
0 3132
1
0 13296
0 1195
0 11354
1
0 1002
0 320
0 3033
0 3262
0 29045
0 21290
0 20136
0 19360
0 28363
0 21660
0 17339
0 12760
0 27430
0 13765
1
1
0 27359
0 18298
0 3152
1
0 3316
0 2498
0 13293
0 15835
1
1
0 29748
0 9982
0 27362
0 24026
0 12622
0 21033
1
0 18611
0 12600
1
0 18488
1
0 25902
0 3192
0 2841
0 20775
0 12379
0 18680
0 2638
0 6437
1
0 11941
0 18922
1
0 16043
0 29850
0 26484
1
0 28573
0 5028
0 2625
0 22736
0 117
0 26476
0 25792
0 556
0 20982
0 10221
1
0 1813
1
0 17054
0 20887
0 23738
0 22918
1
1
0 28458
0 9414
0 12450
1
1
1
0 25859
1
1
0 23776
1
0 5996
1
0 15255
0 21603
0 3853
1
0 21122
1
1
1
0 18551
0 24847
0 4099
1
0 13875
1
0 9946
0 23589
0 2
0 9981
1
1
1
0 29931
0 23831
0 27448
0 29223
1
1
0 17163
1
0 29174
0 3333
1
0 3717
0 13760
0 9150
1
0 9831
0 10248
1
0 9278
0 28439
1
0 18297
0 23176
0 5046
1
0 7818
0 7258
0 2732
0 10202
1
0 28715
0 28023
0 22456
0 5757
0 21082
1
0 23003
0 3647
0 11335
1
0 6312
0 5723
1
1
0 10333
0 19127
1
1
0 25218
0 25337
0 26879
1
1
1
1
1
0 28817
1
1
0 3452
0 26150
0 10203
0 17117
0 20212
0 3761
0 29406
1
0 19720
1
0 2081
0 22743
0 923
0 5105
1
0 15317
1
0 9441
0 19969
0 17035
0 334
0 7224
1
1
0 23339
1
0 159
1
0 606
0 18323
0 1017
1
0 20581
0 6425
0 20009
0 8993
0 25537
0 15893
1
0 22628
0 17461
0 9928
0 7629
1
0 10560
0 20837
0 6656
0 23406
0 27383
1
0 20199
0 10684
0 20860
0 15937
0 2696
0 25904
1
0 13872
0 22530
1
1
1
0 29435
0 23315
0 29063
0 29326
0 13922
1
0 5074
1
0 20126
0 17051
0 20869
1
1
0 12005
0 12867
0 17456
1
0 6367
0 11094
1
1
0 24173
1
1
0 9322
0 20092
0 3898
1
0 950
1
0 25131
0 23227
1
0 411
1
1
1
0 11692
1
0 14281
0 20517
1
1
0 16095
1
0 11604
0 26754
0 23568
0 26872
1
0 8085
0 13396
0 12593
1
0 16998
1
0 25040
0 3891
1
1
1
1
0 9957
0 9463
1
0 22421
0 8270
1
0 1675
0 5169
1
1
0 19617
0 20059
0 527
0 13091
0 22148
1
1
0 22247
1
0 12481
0 6618
1
1
1
0 1498
0 25438
0 27387
0 3947
0 17336
0 3175
1
0 28680
0 23671
1
1
0 24147
0 6601
1
1
0 22636
0 12538
0 25715
1
1
0 1381
1
1
0 5404
0 19405
1
0 15804
0 29793
1
1
0 27161
0 1160
1
0 19752
0 480
0 28082
0 6714
0 1287
1
1
0 9716
0 21349
1
0 26813
0 16887
0 12207
1
0 25691
0 11100
0 4759
0 16436
0 8138
1
0 13667
0 9106
0 2039
1
0 9588
0 16387
0 29365
0 7154
0 6794
0 20446
1
1
0 28541
0 6634
0 5476
0 26084
0 22923
1
0 29052
0 21953
0 12880
0 3578
0 13210
1
0 8781
0 11697
0 6968
0 4893
1
0 2664
0 2217
0 14816
0 15227
1
1
1
1
1
0 24006
1
1
0 8637
0 2111
0 17752
1
1
0 7060
0 812
1
0 5630
0 361
0 26738
0 9384
0 24126
1
0 6810
1
0 29345
0 18305
0 5951
0 179
0 1912
0 23064
0 4011
1
0 28269
1
1
1
0 26178
0 5016
0 6890
0 12565
1
0 18708
0 7491
1
0 19967
1
1
0 568
0 22650
1
0 16765
1
1
0 11626
1
0 13274
1
0 21699
1
1
0 20927
0 17988
0 22596
0 4606
0 18721
0 6801
0 8436
0 26485
0 27987
0 22338
0 17511
1
0 628
1
1
0 11101
0 6105
0 2383
0 19690
0 11256
0 2892
0 18427
0 7919
0 22559
0 6440
0 12380
0 13512
0 16395
0 21717
0 27243
1
0 6956
0 13463
1
0 2999
0 29111
0 21095
1
0 16900
1
0 179
1
0 19618
0 3434
0 7116
1
0 29616
1
0 5109
0 17892
0 17510
0 7329
0 12948
0 15848
0 7895
1
0 27854
0 4111
1
0 12947
1
1
0 3688
0 27124
0 16011
0 1279
0 11801
0 4912
0 18930
0 11508
0 12168
1
1
1
0 16824
1
1
0 10434
0 3455
0 7026
0 14805
1
0 1037
0 7136
0 2764
1
0 16915
0 21243
0 2872
0 25535
0 23198
0 12560
0 21398
0 12666
0 14685
0 8253
0 3954
1
1
1
1
1
0 19944
1
1
0 28996
0 27991
0 2030
1
1
0 11138
1
1
0 23254
0 15661
1
0 23218
0 9292
0 16918
1
0 2131
1
0 21337
1
1
0 15238
1
1
0 7838
1
0 17471
0 18351
1
0 6683
0 9813
0 29484
0 24105
0 887
0 16238
0 14864
1
0 1151
0 29680
1
1
0 28649
1
1
1
0 20471
1
1
0 17905
1
0 9940
1
0 10746
1
0 13470
1
0 6450
1
0 4837
0 3601
1
0 27031
1
1
0 21817
1
0 15709
0 1665
1
1
0 9119
0 8432
0 27344
1
0 13826
0 17837
1
0 5925
0 25070
0 14386
0 11792
0 13940
1
0 28780
1
0 14150
0 5778
1
0 973
1
0 22755
0 16360
0 11767
1
0 26660
0 28794
0 19174
0 13442
1
0 11984
0 12772
0 17888
0 23682
0 22607
1
0 11123
0 1758
0 7504
0 23264
1
1
1
1
0 22978
0 1096
1
0 26332
0 5219
0 352
0 1522
0 23497
0 10349
0 23189
0 28893
0 11910
0 4312
0 15145
0 8351
0 23361
0 23294
0 6965
0 11886
1
0 4248
0 27126
0 24279
0 4769
0 1974
1
0 22852
0 29519
0 1571
0 21823
1
1
1
0 26063
0 17490
0 17687
0 5018
0 3261
0 5130
0 6498
1
0 21714
0 16524
1
0 22934
0 29450
1
0 22968
0 5471
1
1
0 512
0 16938
0 2095
1
0 2120
0 22664
1
0 17452
0 22411
0 29856
0 6484
0 6872
0 21456
0 16167
0 2255
1
0 5520
0 16285
0 22491
0 1844
0 10842
0 20001
0 3556
0 13648
0 21023
0 5796
0 19697
0 27212
0 14217
1
1
0 16279
1
0 129
0 29939
1
0 19296
0 10776
1
1
0 6949
1
0 5873
1
0 23004
0 1243
0 15135
0 4028
0 2364
1
0 29121
0 15834
0 4598
0 21199
0 3942
0 7772
0 25794
0 19229
1
0 4009
0 27278
1
0 7939
1
1
1
0 22979
0 21838
1
0 14231
1
0 4207
0 29560
0 23738
0 14636
1
0 10100
0 18818
1
1
0 16079
0 27506
0 13102
1
0 18872
0 19403
0 8593
0 21905
0 5368
1
1
0 4247
0 16766
1
0 11330
0 25010
1
0 18344
0 17715
1
0 16297
1
1
1
0 27867
1
1
0 11550
1
0 26322
1
0 7844
0 23612
0 1106
0 3825
1
1
0 27548
0 18806
0 20681
1
0 15418
0 10289
1
1
1
0 14618
0 12600
0 1111
0 13995
0 21760
0 28413
0 18208
0 9697
0 14950
0 2251
0 3052
0 5270
1
1
0 3862
0 3816
0 5361
0 2679
1
0 13565
0 13142
0 17287
0 20978
0 6375
1
0 25269
0 18602
0 28450
0 4682
1
0 2773
0 17036
0 16634
0 23555
1
0 6752
0 21389
1
0 15765
0 12476
0 26371
1
0 22598
1
1
1
1
0 17958
0 1516
1
0 29562
0 24712
0 10158
1
0 11340
0 20771
0 17753
0 25168
0 11338
0 637
0 22547
1
1
1
1
1
0 21000
0 8870
1
0 1080
0 8859
0 8427
1
1
0 20197
1
0 29423
0 188
1
0 17622
0 928
1
0 25215
0 5526
0 29302
0 15274
1
1
1
0 21810
0 13263
1
0 7875
0 3821
1
1
0 7088
1
0 26364
0 29829
0 25827
1
0 24547
1
0 26059
0 17360
1
1
0 14700
1
0 13538
1
1
0 5586
0 9075
1
1
0 6064
0 4146
0 19535
0 13276
1
1
0 5707
1
0 5355
0 17434
1
0 28206
1
1
1
0 13338
1
1
0 14893
0 22382
0 15093
0 28841
0 14941
1
1
0 26736
1
0 7640
0 4656
0 13948
1
0 6389
0 2689
0 11581
1
1
0 5003
0 29338
1
0 3619
1
0 18961
0 25392
1
1
0 8189
0 13184
0 20827
0 21691
0 20191
0 20068
0 11180
0 8394
0 25381
0 15672
0 12339
0 3012
0 10482
0 7785
0 12199
1
0 14721
0 28100
1
1
0 10716
0 26865
0 16179
0 1760
1
1
0 2200
1
0 18920
0 427
1
1
0 8585
0 26893
0 7321
0 7308
1
0 8467
1
0 11877
0 20933
0 24255
0 20358
1
1
0 16630
0 1783
1
1
0 19349
0 23258
0 29963
0 10831
0 16935
0 18176
0 20284
0 23545
0 11721
0 25619
0 24907
0 11063
0 15496
1
1
1
0 18184
0 2003
0 27906
0 24759
0 14953
1
1
0 14085
1
0 7683
0 23335
0 807
1
0 9825
0 3341
0 28473
1
1
1
0 22437
0 13283
1
0 17079
0 23457
0 22324
0 19205
1
0 1819
0 18957
1
0 6810
1
0 27171
0 17253
0 21095
0 19162
0 23264
0 5595
0 25835
0 26885
1
1
0 26349
0 11631
0 17799
1
0 396
0 19016
0 1539
0 5037
0 11044
0 20953
1
1
1
0 966
0 24736
1
0 25792
1
1
1
1
0 28736
0 20377
0 13809
0 2638
1
1
1
0 2563
1
0 18395
0 23322
0 29626
0 24967
1
1
0 7042
1
0 2976
1
0 3449
0 14440
1
0 13947
0 22384
0 23551
1
0 18700
0 27677
1
0 16336
0 9264
0 12529
0 10759
0 13573
0 10052
0 23868
1
1
1
0 17240
0 12832
0 2252
0 5894
1
1
0 6056
1
0 12025
0 21669
0 14685
1
0 26897
0 28530
1
0 2786
1
0 3758
0 12604
1
0 9049
0 4933
0 22915
0 12356
1
0 12286
0 18069
0 16574
1
0 16168
0 10297
0 7261