10000
0 7662
1
0 2509
0 6413
0 2023
0 3055
0 6387
1
0 7326
0 6033
1
1
0 4457
1
1
1
1
1
0 1355
1
0 2365
1
0 8574
1
0 1339
0 354
1
1
0 7731
0 910
0 7816
0 7403
1
0 8213
1
0 7037
0 1971
1
1
0 3691
1
0 9925
1
0 8255
1
0 4961
1
0 9976
1
1
0 5081
0 4182
0 2869
0 7050
1
1
0 4759
0 6841
0 4250
1
0 4364
0 8662
0 1417
1
1
1
1
1
0 9222
1
1
1
0 4128
0 3403
1
0 9905
1
1
1
1
0 8091
1
0 9849
1
0 8511
1
0 8121
1
0 7319
1
0 2894
0 2429
1
1
0 3043
0 4230
1
1
0 2920
1
0 9447
1
0 2858
0 8639
0 8624
0 3773
0 1448
1
1
1
0 3310
0 8463
1
1
0 6255
0 1955
0 4176
0 5113
1
1
1
1
0 3771
0 7264
1
0 7300
1
1
1
1
0 8872
0 2173
1
1
0 1728
0 1641
0 7406
0 1627
1
1
1
1
0 8236
0 9984
1
0 9538
0 1013
1
1
0 2448
0 4986
1
1
1
0 2476
1
0 4118
0 9592
0 9401
1
0 3729
1
1
0 1549
1
0 5263
0 7239
1
0 9645
1
1
1
0 5072
1
0 8158
0 6292
1
0 7713
0 8904
1
0 8509
0 7722
1
0 9271
1
1
1
0 2383
0 1791
1
0 1503
1
0 2927
0 1011
0 5076
0 4134
0 1368
0 4931
0 6692
1
1
1
1
0 38
0 5392
1
1
0 791
0 2508
1
1
1
0 407
0 5452
0 1473
0 1979
1
1
1
0 5311
1
1
0 9861
1
0 9899
0 5685
0 4782
1
0 8055
1
0 5536
0 8161
0 520
0 140
1
0 8471
1
0 7225
1
1
1
1
0 8885
1
1
1
1
0 8663
1
1
1
0 3016
1
0 7139
0 6223
1
1
0 8710
0 1187
1
1
1
0 8310
1
0 6864
0 4647
1
0 3849
1
0 7833
1
0 6224
1
0 152
1
1
0 7810
0 9090
1
1
0 3780
0 5042
0 2327
1
0 5543
1
1
1
0 8319
1
0 6152
1
0 8729
1
0 5233
1
0 7960
1
0 7050
1
0 3680
0 2724
1
1
0 7552
0 6947
1
1
0 8370
0 5105
1
1
0 4806
0 4744
1
1
0 1202
1
0 8399
1
0 3458
1
0 2535
1
0 3939
0 5820
1
0 2194
1
0 6887
0 3116
0 6197
1
1
0 2240
1
0 3442
1
1
0 9167
1
1
0 1342
0 2998
0 4478
0 7431
1
1
0 9860
1
1
1
0 3302
0 3358
1
1
0 839
0 9041
0 7366
0 9354
1
0 1076
1
1
1
0 256
0 3608
1
0 9585
0 7933
1
0 3369
1
1
1
1
0 2327
0 6841
1
0 4207
0 2151
0 6546
0 8350
1
0 4527
1
1
1
0 7872
0 9090
0 9227
0 1879
0 3691
0 9454
0 7286
0 438
1
1
1
1
1
0 5564
0 3131
0 6597
0 6821
0 8499
1
0 5276
1
0 4504
0 7116
0 3596
0 7993
0 5713
0 3984
0 3973
1
0 3689
0 8006
0 9247
0 3230
1
1
0 8109
0 8813
0 9963
1
0 3517
1
0 7113
0 7126
0 5306
0 995
0 213
0 7523
1
1
0 535
0 7776
0 7301
1
0 1762
0 1016
1
0 1418
0 9824
1
1
0 4881
0 300
0 4592
0 1620
0 3624
0 8708
0 4672
0 6112
1
0 9766
0 7916
1
1
1
1
0 6702
1
0 1990
1
0 6871
0 765
1
1
0 5030
0 5685
1
0 4106
1
0 219
0 5876
0 2348
1
0 7040
1
1
1
1
1
0 4120
1
1
0 586
1
0 5288
0 2135
0 544
0 9363
0 7860
1
1
0 1754
0 559
1
1
0 7326
1
0 5808
1
0 6280
0 183
0 565
0 728
0 5136
0 7000
0 5525
0 6684
0 2241
1
1
0 9113
0 5893
0 8810
0 6264
1
0 3062
0 5307
0 4544
1
1
1
1
0 2662
1
1
0 7103
0 1379
1
0 5637
1
1
1
0 362
1
0 9933
1
0 5313
1
1
1
1
0 8607
1
0 4617
1
0 6195
1
0 3298
0 7132
1
1
1
1
0 3872
0 1885
1
0 8170
1
1
0 8143
0 6808
0 4892
0 2229
0 6384
0 1640
1
0 1041
1
0 4526
0 7049
1
0 8572
1
0 6809
0 8420
1
0 8822
0 4704
0 7975
0 4089
1
0 1024
0 9908
0 5059
1
1
0 6021
1
1
1
1
1
0 2105
0 1156
1
0 6136
0 8641
1
1
0 1631
0 4632
1
1
0 3853
0 1026
1
0 1084
0 8876
0 3972
1
0 9038
0 2358
0 154
1
1
1
1
0 9946
1
1
1
0 6777
1
1
1
0 6945
1
0 9800
1
1
1
0 4002
1
0 9392
1
0 6181
1
1
0 7824
1
0 4123
1
0 2053
0 3312
0 285
1
1
1
1
0 9734
0 8373
1
1
1
0 7007
1
0 1593
1
0 3083
0 5179
0 538
1
0 3426
0 4320
1
1
1
0 5338
1
0 3681
0 8018
0 1741
0 7135
1
1
0 4707
0 4965
1
1
0 7242
0 1651
1
1
0 3308
0 8168
1
0 9709
0 2797
1
1
1
0 8855
1
1
1
1
1
1
1
1
0 822
1
1
1
1
1
0 5936
0 3325
0 3981
0 5140
1
1
1
0 5617
1
1
1
1
1
0 9637
1
0 8397
1
1
0 8371
0 9988
0 2205
0 9969
1
1
0 2000
0 8345
1
1
0 4301
0 350
0 2397
1
0 5564
0 8804
0 320
1
1
1
0 8295
1
1
1
0 2714
1
0 5919
1
1
1
0 9606
1
1
0 3602
1
0 5888
0 5493
1
0 7231
1
1
0 4024
0 6000
1
1
1
0 6592
1
1
0 8241
0 9479
1
0 2731
1
0 2685
1
1
1
1
0 6386
0 5614
1
0 9671
0 9165
0 1151
0 4875
0 5987
1
0 4850
0 5880
0 7993
1
0 8361
0 6098
1
0 1024
1
1
1
0 8455
0 3333
1
1
1
1
0 1893
0 324
1
0 3086
1
1
1
0 1863
1
1
0 8195
0 8965
1
0 417
0 6766
1
1
0 1755
1
0 605
1
1
1
1
0 378
0 2313
1
1
0 9224
0 4260
1
1
0 4379
0 5108
0 4678
0 501
0 7253
1
1
0 123
1
1
0 4312
1
1
0 4363
0 503
0 901
0 6291
0 1184
0 3968
0 5849
1
1
0 2381
0 9980
1
0 1189
1
1
0 6738
1
0 1764
1
1
0 5074
1
0 5975
0 6342
1
0 4281
1
0 6482
0 43
1
1
0 9694
0 598
0 1383
0 3886
0 5029
1
0 3185
1
1
0 1126
0 6938
1
0 778
0 5743
0 1994
0 4528
1
0 2850
0 1634
0 1535
0 4894
1
1
0 8041
1
1
0 2574
0 8542
0 9440
0 2473
1
0 3722
0 7550
0 5222
1
0 3514
0 7748
1
1
0 369
0 8648
0 9054
0 6139
0 620
1
1
0 2415
1
1
1
1
0 4962
0 214
0 246
1
1
1
0 7942
1
1
1
0 757
1
0 6163
0 302
1
1
1
1
0 4135
0 5103
0 9305
1
1
0 1628
0 927
0 268
0 198
1
0 1268
1
1
0 4014
0 4541
1
1
0 5170
1
1
0 7658
0 8028
0 9862
1
0 543
0 6149
1
1
0 8861
1
0 7864
0 6416
0 244
1
1
0 6064
1
0 1234
0 6131
0 2387
1
0 5420
1
1
1
1
0 7645
1
0 414
1
0 1393
1
1
0 3195
0 944
1
1
1
1
0 4595
0 8636
1
1
1
1
0 1875
1
0 8969
0 5484
0 2838
1
0 2889
0 9306
1
0 8853
0 8749
0 3919
0 6204
0 6704
0 7765
0 6606
1
0 6597
0 3437
1
1
1
1
0 6012
1
0 8901
0 3845
0 6322
1
1
0 7800
1
0 356
0 237
0 5142
1
0 4584
0 1946
0 7294
1
0 468
1
0 2832
1
1
1
1
0 1795
1
0 2476
1
0 7076
0 2301
0 7562
0 2299
0 2746
1
1
0 9137
0 3779
0 7583
1
1
1
1
1
1
1
0 6649
0 5230
0 6169
1
0 3494
0 3358
1
1
1
0 9621
1
1
1
0 307
0 9708
1
0 4448
1
1
1
1
1
0 8866
0 5810
0 5156
1
0 8650
0 255
0 2042
0 9430
0 4807
1
0 2839
0 9478
0 6228
1
1
1
1
1
0 3570
1
0 2558
1
1
1
1
0 2717
0 6169
1
0 2082
1
1
1
0 2475
0 9166
1
1
1
1
1
0 1032
0 1144
1
0 5817
1
0 4833
0 5227
0 3944
1
1
1
1
1
1
1
1
0 4662
0 9034
1
1
1
1
1
0 4424
0 7261
1
1
1
0 9587
1
1
1
0 414
0 4631
1
0 6333
1
0 1278
1
0 5951
1
0 5605
1
0 7236
1
0 981
0 5182
1
1
0 7147
1
0 8314
0 957
0 4922
0 616
0 9911
0 8885
0 7641
0 4913
1
1
1
1
1
1
0 4068
0 9049
1
0 3122
0 9101
0 9793
1
1
1
1
0 8854
1
0 3828
0 576
0 4700
1
0 7847
1
0 4581
1
0 5001
0 782
0 9977
0 1757
1
1
1
0 1249
0 9137
1
0 7411
0 5175
0 924
1
0 2766
1
1
1
0 4404
1
1
0 65
0 2387
1
1
1
0 9470
1
1
0 891
0 9738
0 9549
0 3766
1
0 3115
0 6479
0 5918
0 9040
1
0 845
0 8183
1
1
0 8980
1
1
1
0 3050
1
1
1
1
0 4737
0 6962
0 1763
0 7656
1
1
1
1
1
1
0 7987
1
1
0 7498
1
0 2813
1
1
1
0 9780
1
0 7744
1
1
0 3992
0 260
0 7331
0 4875
1
0 2017
1
1
0 186
0 4128
0 9007
1
1
0 1490
1
1
1
1
0 5366
1
0 7511
1
1
1
0 832
0 2584
1
1
1
1
1
0 5783
0 1439
1
1
0 6670
1
0 6398
1
0 3608
1
0 4201
0 9717
0 9304
0 6495
1
1
0 4578
1
0 174
1
1
0 3096
1
0 9234
0 8799
1
0 5197
0 9864
1
0 2070
0 6270
0 8144
1
1
0 4766
1
0 9344
1
1
0 2572
0 8180
1
0 310
0 3560
0 773
0 7011
1
1
0 9729
1
1
1
0 2376
1
0 3368
0 7903
0 4741
0 8007
1
0 3568
0 9104
0 5455
0 530
1
1
0 631
0 1677
1
1
0 7032
1
1
0 2163
0 9129
1
1
1
0 3189
0 9266
0 9552
0 2081
0 6218
1
0 9838
1
0 470
0 4900
1
1
1
0 3736
1
1
0 5306
0 9811
1
0 8465
1
1
0 6503
1
1
1
1
1
1
0 7254
1
1
1
1
0 3699
1
0 6706
1
0 9122
1
0 7019
0 5544
1
1
1
1
0 5573
0 1129
0 4087
0 4237
1
1
0 2681
1
0 1194
0 5205
0 6633
1
1
0 802
1
1
0 3570
1
1
1
0 5725
0 220
0 1426
0 1752
0 2431
1
1
1
0 3526
1
1
0 9223
1
0 5690
0 5467
1
1
0 7286
1
0 9926
0 1524
0 9637
0 2269
1
1
1
1
1
1
1
0 7714
0 6934
1
1
1
0 8116
0 2931
1
0 5640
1
1
0 5396
0 2963
0 7471
0 8508
0 4179
1
0 7271
0 7392
0 1047
0 1079
0 3021
0 4013
1
1
1
1
1
1
0 4022
0 189
0 3338
0 5678
0 1289
1
1
1
0 8836
0 4037
0 4814
1
1
1
1
0 5377
1
0 8673
1
0 7609
0 7291
1
0 5499
1
1
0 5060
0 975
1
0 7621
1
1
1
0 5239
0 1557
0 6649
1
1
0 4340
0 8963
0 7318
0 1253
1
1
1
1
1
0 740
0 1609
0 895
1
0 7671
1
0 9262
0 8232
0 2884
0 549
0 5601
1
0 9562
1
1
0 2878
1
0 8559
1
0 5651
0 2514
1
1
1
1
1
1
0 432
1
0 2650
1
1
0 8190
0 3458
0 5286
1
0 2453
0 8511
0 8824
0 3630
0 9480
1
1
0 4240
1
0 5928
0 7285
1
1
0 4661
0 9487
0 1374
0 3738
1
0 8249
1
1
1
0 5772
0 4525
1
0 669
1
1
0 8242
0 837
0 6587
1
0 6522
0 5144
0 4906
0 8010
1
0 4694
0 4053
1
0 8596
0 6346
0 367
0 142
0 4616
0 1757
0 2241
1
1
0 8863
0 5338
1
1
1
0 103
1
1
0 1189
1
0 3898
1
1
1
1
0 2411
1
1
0 5488
0 945
0 5215
0 7364
0 1180
1
0 3273
1
1
1
1
1
0 8431
1
1
0 7125
0 8925
0 5392
1
0 9481
1
0 5326
0 8368
1
1
1
0 7347
1
1
1
1
1
1
1
1
0 5165
0 8541
1
1
1
0 7067
0 6812
1
1
1
1
1
0 7578
1
0 9663
0 9758
0 9543
1
1
0 9782
1
1
0 8546
0 5901
1
0 5613
1
1
1
1
1
1
1
1
0 8805
0 6487
1
1
0 3679
0 6514
0 1367
1
1
1
1
0 3294
0 9804
1
1
1
1
1
1
1
1
0 3498
0 9234
0 6724
0 6224
1
1
0 9013
0 6664
0 1051
1
0 8091
1
0 5554
1
0 2144
1
1
1
0 4010
1
1
0 3999
1
1
0 3795
1
0 9192
0 6733
0 8012
1
1
1
0 6597
1
1
0 4305
0 4295
0 5015
0 9574
1
0 5710
0 8403
1
0 1830
1
1
1
1
0 6283
0 3503
0 2733
1
1
1
1
1
0 9121
0 2128
0 3137
0 8039
0 5754
1
1
0 7534
0 8692
1
0 8242
1
0 4525
0 5352
1
1
1
1
1
0 556
0 366
0 4489
0 1814
1
0 6681
0 9677
0 1160
0 3945
1
1
1
1
1
0 8971
1
1
0 932
1
0 1813
0 7235
1
1
0 8664
0 4079
1
1
0 1507
0 1548
1
0 1845
1
0 8500
0 897
0 8642
0 8155
1
1
1
0 5729
0 1211
0 7273
1
0 7057
0 2128
0 4668
0 1803
0 2655
1
1
1
0 9266
0 9280
1
0 2264
0 7137
1
0 4761
0 8243
1
1
1
1
1
0 3355
1
0 8024
0 3496
0 4207
1
0 2087
0 6978
1
0 3248
0 4177
0 2969
0 3243
1
1
1
1
0 3354
1
0 2280
0 7783
0 3585
1
0 530
0 1719
1
1
1
1
1
0 1172
1
0 5197
0 9856
1
0 1179
1
0 4314
0 3113
0 4617
1
1
1
1
1
0 9142
1
1
1
1
1
1
0 3803
1
0 3302
1
1
0 9174
0 690
0 8884
1
1
0 1889
0 671
0 7349
0 5967
1
1
0 242
1
1
1
0 4051
0 9359
1
1
0 5176
0 9268
0 5087
0 2037
0 5215
1
1
1
0 3945
0 6693
1
0 1471
1
0 6337
1
0 2864
0 3392
1
0 4630
0 9963
0 4289
1
1
1
0 6909
0 1891
0 903
1
1
1
0 1803
0 7464
0 42
1
0 1851
1
1
1
1
0 6226
1
1
1
0 5216
1
1
0 1686
0 4964
0 3157
1
1
0 258
0 7749
1
1
0 4228
0 5995
0 9221
0 4249
1
0 3569
1
0 3531
1
1
0 5395
1
1
0 573
0 4623
0 2353
0 5420
1
1
1
0 9536
0 6592
0 6824
0 89
1
0 3658
1
1
0 1258
1
1
0 5382
0 3364
1
1
1
0 2827
0 9824
0 4529
1
0 4066
1
0 9905
1
0 9994
0 416
0 751
1
1
1
0 9591
0 1775
1
1
0 3570
1
0 2750
0 1959
0 6471
0 8262
0 7971
1
1
1
0 3141
0 4861
1
1
0 340
1
1
0 6604
1
0 4984
0 5654
1
1
1
0 3159
0 8820
0 7754
0 8646
1
1
1
0 8349
0 850
0 8656
0 8187
1
1
0 6848
1
1
1
0 8560
1
1
1
1
0 6456
1
1
1
1
0 5754
1
0 5391
0 6039
0 3228
0 6608
0 1291
1
1
1
1
0 2676
1
0 4917
1
1
0 7163
1
0 6172
1
0 3827
1
0 788
0 6210
0 9538
1
1
1
1
1
0 4852
1
0 2701
1
0 5463
0 9313
0 9814
0 427
1
0 9875
0 2828
0 63
1
1
0 6796
1
1
1
1
1
1
0 3178
1
0 2232
0 7698
0 9544
1
1
0 6193
0 7499
1
1
1
1
0 6795
1
0 9421
1
0 7837
0 367
0 5053
0 2045
1
1
0 3545
1
1
0 7144
1
1
0 9927
0 4883
0 9384
0 3136
0 3600
0 8304
1
1
0 3251
1
1
0 2613
1
0 8695
0 2510
0 2360
0 9620
1
1
0 6200
0 4193
0 5491
1
1
0 3402
0 2679
0 2770
0 7744
1
0 8753
0 9939
1
1
0 228
0 6335
1
0 2607
1
0 5159
0 5182
0 9939
1
0 4314
0 8074
0 2880
1
1
1
1
1
1
0 4991
1
0 8966
0 8949
0 4913
1
0 6901
0 5772
1
0 2005
0 4488
1
0 2875
0 8947
0 7719
0 5435
1
0 7517
0 213
1
0 5531
0 6336
0 8612
1
1
0 7638
1
0 789
1
0 1629
1
1
1
0 6345
0 6267
0 4751
0 9032
1
1
0 9586
0 1129
0 3679
1
0 3348
1
1
1
1
1
0 7018
0 9757
0 9819
0 9942
0 9929
0 2680
1
1
1
1
0 3662
0 264
0 2524
1
0 774
1
0 888
1
0 7864
0 6734
0 8866
0 6457
1
0 8974
0 4281
1
0 9949
1
0 9222
1
1
0 875
0 6135
1
0 6131
0 3519
0 3729
1
1
0 8021
0 4944
1
0 3015
1
1
1
1
0 9950
0 864
1
0 7493
0 4489
1
1
0 5629
0 4243
1
1
1
1
0 1139
1
1
0 9384
0 9098
0 8713
0 647
1
0 4528
1
0 1790
0 5937
0 9895
0 6508
1
0 7103
0 3215
0 7909
1
1
0 1290
0 2200
0 452
0 2034
0 8388
1
1
0 7275
0 1059
1
1
1
1
1
1
1
0 3654
0 4586
0 4879
0 352
1
0 5353
1
0 2157
0 3173
1
1
1
1
0 1023
1
1
0 5296
1
0 546
1
1
0 5654
0 2856
1
1
0 7440
0 8144
0 3701
0 4951
0 6105
0 65
0 9672
1
1
1
1
0 4802
1
0 1701
1
0 9970
0 7184
1
0 6945
0 4751
1
1
1
0 9637
0 2142
1
0 8559
0 4235
0 5527
0 6443
0 4895
0 5046
1
1
0 2919
0 885
0 3818
1
0 4921
1
0 8817
1
1
0 1530
0 4932
1
1
0 3063
1
1
0 7227
0 4870
0 9808
1
1
0 7661
0 7528
0 3746
0 2752
1
1
1
1
0 8291
0 5300
0 6041
1
1
1
1
1
0 5551
0 9834
1
0 7340
1
1
1
1
0 6481
1
1
1
1
0 3508
0 6628
0 2512
1
1
0 976
1
0 9301
1
0 4852
0 5159
0 1169
0 1883
0 7501
0 658
0 465
0 5921
1
1
0 8223
1
1
0 864
1
1
1
1
0 7493
1
1
1
0 9189
0 2968
0 5962
1
1
1
1
0 7081
0 4502
0 1791
0 3318
0 4215
0 1591
0 5101
1
0 7455
0 2003
0 8679
0 675
1
0 2364
0 65
1
0 370
1
1
0 3694
1
0 3978
1
1
0 294
1
0 5395
1
1
1
0 2774
1
0 6577
0 6927
1
0 2000
1
0 3689
1
0 5164
0 7224
1
1
1
1
0 2099
1
0 2518
1
0 6937
1
1
0 7202
0 2640
0 1825
1
1
0 4810
1
0 1298
0 5383
1
0 765
1
0 9683
0 8797
1
1
0 2560
0 4604
1
1
0 6277
0 9659
1
1
1
0 2920
1
0 3139
0 1092
1
0 3884
0 8543
0 1674
0 9378
1
0 7046
1
0 8002
0 8597
1
1
1
0 8732
0 3033
0 8825
1
1
1
0 1541
1
1
0 2477
0 2358
0 7462
0 3778
1
0 9612
0 9489
0 3090
0 8411
1
0 7144
0 2226
0 3686
1
1
1
0 6761
1
0 8538
0 9363
1
0 3177
0 1951
0 472
0 530
1
0 9972
0 3552
0 18
1
1
0 9116
0 9723
1
0 7859
0 7376
1
0 1397
0 6883
1
0 2221
0 1794
0 2141
0 5359
1
0 6185
1
1
0 1531
0 7504
0 4254
1
0 6437
0 2432
0 5599
0 5211
0 1654
0 1232
0 5359
1
0 7500
0 7336
1
0 3521
1
0 2429
0 7412
0 4146
1
0 5481
1
1
0 8269
1
1
1
0 7043
1
0 3622
0 285
0 3825
0 6584
0 1398
0 4223
0 8886
0 2150
1
0 3816
0 999
1
1
1
1
1
0 6374
0 4048
1
1
1
0 7761
1
1
1
1
0 204
0 9377
1
1
1
1
1
0 7260
0 9968
0 5397
0 8427
0 8590
0 3452
1
1
1
1
0 5042
1
1
1
1
0 4053
1
1
0 6702
1
0 6128
1
0 4239
1
1
0 859
0 5576
0 3869
0 4791
0 2661
1
1
0 1382
1
1
0 5200
0 2671
1
1
0 7829
0 1853
0 2146
1
0 83
0 3621
1
1
1
0 9391
1
1
1
1
0 6108
1
0 4012
0 909
0 6294
1
0 5667
0 5720
1
1
1
0 6127
0 8398
1
1
1
0 2823
0 2441
1
1
0 5279
1
0 4636
1
0 1898
0 4129
1
1
0 179
1
0 9897
1
1
1
1
0 8477
1
0 352
0 8001
0 5455
0 3604
1
0 7815
0 2009
1
0 62
1
0 7740
0 4100
1
1
0 8754
0 2725
1
1
1
1
0 7906
1
1
0 3339
0 7007
1
1
0 2149
0 6825
1
0 6605
0 1873
1
0 9363
0 6844
1
1
0 8790
1
1
0 8323
1
0 6848
1
1
0 1793
1
1
1
0 8767
1
0 2901
0 9500
1
1
0 6842
0 9191
1
0 1465
1
0 4941
0 1484
0 4948
1
0 1005
1
0 7487
1
0 2471
0 7425
1
1
0 5429
0 4519
1
0 3698
1
0 6355
0 9417
1
1
0 1000
0 9301
0 5271
1
0 3582
1
0 4861
0 2150
0 5249
0 8816
1
1
0 4807
0 3385
0 3368
1
1
0 1960
1
1
1
0 6440
0 4774
1
1
1
1
0 3218
0 4224
0 8167
0 673
0 2459
1
1
1
0 835
1
0 2803
0 4501
0 8860
0 6705
1
0 1479
1
0 6188
0 5237
1
1
0 7615
0 4926
1
0 3737
1
0 6601
0 4525
0 3990
1
1
0 4530
1
1
0 1418
0 5418
0 6983
1
1
1
1
1
0 1331
1
0 5971
0 9400
0 6234
0 5124
0 1538
1
1
1
0 8970
0 8966
0 3629
0 8327
1
1
1
1
1
1
0 9077
1
0 4740
0 5964
1
0 2198
0 6105
1
0 1572
1
1
0 2720
0 7199
0 9020
0 3956
0 9753
1
0 4446
0 7692
0 8875
0 4616
1
0 5108
0 5626
1
0 4936
0 4839
1
0 9424
1
1
1
0 3577
0 3695
1
1
1
0 3512
0 4038
1
1
0 8004
1
0 9464
1
0 7418
0 1843
1
1
0 8921
1
0 3478
1
1
0 6219
0 4859
1
0 4852
1
1
1
1
1
1
1
0 5321
0 1243
1
0 4558
0 5885
1
1
0 2994
0 8285
0 7265
1
1
1
0 7758
1
0 9261
1
1
0 909
1
1
1
0 8461
0 939
1
0 5010
1
0 9610
0 2667
0 6272
1
1
1
0 4156
0 5503
1
1
1
0 676
1
1
1
1
1
0 9831
0 2772
0 9188
1
0 8861
1
1
1
0 5508
0 5059
1
1
1
0 49
1
1
1
0 1750
1
0 2169
1
0 4002
0 8936
0 8408
1
0 6010
0 4654
1
1
0 755
0 2307
0 5269
0 327
1
0 1401
1
0 3151
1
1
1
1
1
0 6469
1
1
1
0 9711
1
1
0 2486
1
0 9593
0 272
0 1798
0 3204
0 5800
0 9009
0 4108
1
1
0 9818
1
1
1
1
1
1
0 6321
1
1
0 3596
1
1
1
1
1
0 8590
0 9271
0 5575
1
0 1027
1
0 7607
0 927
0 629
0 9697
0 1085
0 6265
0 5781
1
1
0 8308
1
0 9936
0 4130
0 672
0 5286
1
1
0 1588
0 272
1
0 6889
0 8270
0 4983
1
1
1
0 3693
1
0 2440
1
0 7980
1
1
1
0 6510
0 497
1
1
0 5351
0 3435
0 4852
0 1152
0 9616
0 5183
1
0 5790
0 8287
1
0 3851
0 4345
0 6114
0 914
1
0 1412
0 3833
0 1738
1
1
0 2483
0 5355
1
0 7843
0 7239
1
0 1164
1
0 7530
0 8101
0 5773
0 4683
0 3191
1
0 9578
0 5378
1
0 6093
0 8792
1
0 750
1
1
0 435
1
0 1600
1
1
1
1
0 7357
0 3668
1
1
1
1
1
1
0 4282
0 5523
0 2330
0 6564
0 1418
1
0 5661
0 3980
1
0 6846
0 3629
1
1
0 7547
0 9379
1
0 6266
1
0 1831
1
1
1
1
0 4374
1
1
1
1
1
0 1137
1
1
0 6522
0 5618
0 233
0 6556
1
0 8556
0 1307
1
0 9490
0 561
0 2913
1
0 4095
0 6067
0 7077
1
1
0 3570
0 9627
0 134
1
0 9443
0 643
1
0 7767
0 9562
1
1
0 5117
0 9826
1
1
0 5867
0 2606
1
0 5132
0 8616
1
1
0 9782
0 5524
0 2210
1
1
0 6639
0 1873
0 7487
1
1
1
1
1
1
0 6665
0 1491
0 7291
1
1
0 2624
0 7388
1
1
0 687
1
0 749
0 8424
0 2859
0 6794
0 2283
0 258
1
0 9143
0 7839
0 5709
1
0 423
0 2587
1
0 7697
1
1
1
1
0 9134
1
0 8441
0 9278
0 8738
1
1
1
1
1
1
0 6837
0 100
0 7794
1
1
0 7690
0 8078
0 6288
1
0 1171
1
0 831
0 9544
0 4681
0 4375
0 6335
0 3435
0 3411
1
1
0 8591
1
0 651
0 4430
0 7615
0 9185
1
1
1
1
1
0 5472
1
0 153
0 8376
1
0 3748
1
1
0 8298
0 3374
1
0 3762
0 3227
1
1
1
0 9623
1
0 2684
0 6091
0 1827
1
1
1
0 5305
1
1
0 7300
0 2564
0 9870
1
0 3559
1
1
1
1
0 3981
0 1852
0 4211
1
1
1
1
0 7766
1
0 8534
0 3746
1
1
1
0 1314
0 6851
0 4542
0 9657
0 3549
1
1
1
0 1358
1
1
0 9800
0 7007
1
0 8695
0 3719
0 6861
1
0 4260
0 2106
0 4605
0 8152
1
1
0 4917
1
0 8800
1
0 640
1
1
1
0 4603
1
0 9651
1
1
1
0 36
0 9673
1
0 9635
0 300
0 3763
0 2272
1
0 6263
1
0 1612
1
1
0 7617
0 3812
0 4072
0 2549
0 1507
0 6077
0 7636
0 4932
0 6262
0 1410
0 7254
1
1
0 6297
1
0 7910
0 1941
0 36
1
0 6737
0 7099
0 6934
1
1
0 5301
1
0 234
1
0 1819
1
0 5425
0 7281
1
1
0 3151
1
1
1
0 1330
0 3973
1
1
1
0 7036
1
0 6399
1
0 5982
1
0 5476
0 8738
0 1514
0 4980
1
0 3855
1
1
1
1
0 6480
0 1530
1
0 8954
0 8187
0 8268
0 9021
1
0 3291
0 2397
1
0 96
1
1
1
1
1
1
1
1
1
0 7251
1
1
1
0 8112
1
1
0 5425
0 7238
1
0 4160
0 2196
0 9821
1
1
0 8688
1
1
1
1
1
1
1
0 8108
0 6612
1
1
1
1
1
0 9108
0 966
1
1
1
1
0 8035
0 6027
0 7237
0 8180
0 8582
1
0 9438
0 4075
1
1
0 7140
1
0 823
1
1
0 6116
1
0 3378
1
0 2837
1
0 5216
0 296
1
0 2739
1
1
1
1
0 3941
0 2483
1
0 595
0 5222
0 3642
0 8479
1
0 1858
0 3288
0 8467
0 6264
1
0 8900
1
1
1
1
0 774
0 2246
0 9832
0 6081
0 1378
0 9142
1
0 7622
0 5912
1
1
1
0 2435
1
0 9673
0 8395
0 3334
0 199
0 5640
1
0 3673
1
1
1
0 4843
1
1
0 2923
1
1
0 9460
1
0 2691
0 6287
0 2819
0 3286
1
0 8152
1
1
1
1
0 3817
0 6210
1
1
0 3686
1
1
0 4660
0 1796
1
0 6183
1
0 8823
0 686
1
0 1016
0 9493
1
0 9637
0 7888
0 6844
1
0 8222
0 3417
0 1476
1
0 5487
1
1
1
0 3904
0 5884
0 8761
1
1
1
0 9146
1
1
0 6357
0 4942
0 2007
0 7776
0 4442
0 7691
1
1
1
1
1
1
1
1
1
1
0 9279
0 7202
0 7172
1
1
0 7835
0 5102
1
0 3461
0 3125
1
1
1
0 8122
1
0 2525
0 2988
0 1083
1
0 4985
0 9984
0 8195
0 1239
0 702
1
1
1
1
0 9265
1
1
1
1
1
0 136
0 9559
0 414
0 3002
0 2405
1
1
1
1
0 9737
0 2612
1
0 8039
0 691
0 1336
0 3659
0 1603
0 6113
1
1
1
0 8471
1
1
1
1
0 2166
1
1
1
1
0 3380
1
1
0 3213
0 5311
0 6729
1
1
1
0 1494
1
0 7304
1
0 2127
0 9441
0 5031
0 2119
0 6647
1
0 5758
1
1
1
0 817
0 7328
1
0 5300
0 2443
0 6645
0 1419
0 9162
1
1
0 7579
1
1
1
0 9793
0 2167
0 3610
0 9827
1
0 644
1
0 9975
0 4212
1
1
0 1771
1
1
1
1
1
1
0 2576
1
0 3780
1
1
1
0 1039
1
0 7218
1
1
0 1744
0 4190
0 7823
1
1
0 7439
1
0 9511
1
1
0 4317
1
1
1
1
1
1
1
0 5900
1
1
1
0 7294
0 2001
1
0 8761
0 3543
0 8344
1
0 8466
0 6513
1
0 7182
1
0 6874
1
0 5382
0 802
1
0 3397
0 1632
0 4438
1
0 8666
0 9383
0 1726
0 5896
0 2545
0 5884
0 9950
1
0 1701
1
1
1
1
0 3829
0 2674
1
1
0 6973
1
0 1275
1
1
1
1
1
0 328
0 7283
0 6373
1
1
0 8932
0 2083
1
1
0 1207
0 5770
0 563
1
1
1
0 8833
0 7963
0 2173
0 287
0 9075
1
1
0 7149
1
0 2940
1
1
0 1854
1
0 3061
0 903
0 8702
1
0 2591
0 6669
1
1
1
1
1
1
0 3671
1
0 8520
1
0 5445
1
1
1
1
1
1
0 6318
1
1
0 4144
1
1
0 785
0 842
1
1
1
1
1
0 4901
1
1
1
1
0 5219
0 5723
0 3085
1
1
1
1
1
1
0 1904
0 1415
1
1
0 5834
1
0 2012
1
0 7733
1
0 6247
1
1
1
0 6869
1
0 9954
1
0 1948
1
0 3754
0 2009
0 8656
0 3010
0 9187
1
1
0 7549
0 8932
0 3533
0 2895
0 8452
1
1
1
0 4268
1
1
1
1
0 6322
0 6985
1
0 3986
1
0 3174
1
0 725
0 9329
1
1
1
0 941
0 2345
1
0 9793
0 2537
0 9892
0 2971
0 1427
1
1
0 7970
0 9413
0 1717
1
1
1
0 7939
1
1
0 2346
0 7460
0 8771
0 837
0 4618
1
0 9723
1
1
0 9696
0 6418
1
1
1
0 665
1
1
0 871
0 7912
0 6237
1
0 3697
0 7604
0 2138
0 397
0 5082
0 6275
0 3976
0 392
1
1
1
1
0 6357
1
0 5816
1
0 3728
0 1692
1
1
0 5288
0 7520
1
1
1
0 8861
0 950
1
0 6922
1
0 6912
1
1
0 3993
1
0 9809
1
1
1
1
1
1
1
0 5516
0 8568
0 3176
1
1
0 3581
0 7237
1
0 9181
0 1459
0 3809
1
1
1
0 619
1
0 509
1
0 738
0 8317
1
1
0 8253
1
0 8576
0 9656
0 6824
1
1
0 7721
0 2822
0 9453
1
0 2507
1
0 3174
0 6524
1
0 8797
0 4458
0 4702
0 5314
0 7639
0 6785
1
1
0 1884
0 8814
0 3258
0 3545
1
1
1
1
1
1
1
1
1
0 7889
0 1269
1
0 333
1
1
1
1
0 1813
1
1
0 9789
0 4141
0 8116
1
1
0 6442
1
0 8372
1
0 3451
1
1
1
0 3674
1
1
0 5966
0 1325
1
1
0 82
0 3172
0 190
1
1
1
1
0 7022
1
1
0 9503
0 8846
0 3767
1
1
0 2784
0 3842
0 8638
0 2581
1
1
0 687
0 6869
1
0 9191
1
0 4578
0 9323
1
1
1
0 5426
0 518
1
1
0 3403
0 4506
1
0 6025
0 5257
1
1
1
0 6971
1
1
1
0 9975
1
1
1
1
1
0 2145
1
1
0 8442
1
0 1845
0 4185
0 8492
1
1
0 3842
0 6046
0 1216
1
0 3731
0 582
0 2375
0 8922
0 8006
0 6245
1
0 1040
0 6114
0 6486
0 5941
0 3213
0 5080
1
1
1
0 5545
0 9565
1
1
0 9155
1
1
0 9461
1
0 5707
0 8284
0 4776
1
1
1
0 8277
0 6966
0 4026
1
0 1504
1
1
0 5249
1
1
1
1
1
0 7447
0 5219
1
1
1
1
0 9806
1
1
0 4787
0 2718
1
1
1
1
1
0 516
1
1
0 9937
1
1
0 7580
0 6754
1
1
0 5322
0 9983
1
0 1018
1
1
0 447
0 263
1
0 5096
1
1
1
1
0 7730
0 6829
1
1
1
0 8215
1
0 618
1
1
0 9828
1
0 3486
1
0 286
0 6744
1
0 8192
1
0 3805
1
1
0 6396
1
0 7856
1
1
0 1330
0 6689
1
1
0 5841
1
1
0 6350
0 5965
1
1
0 3969
1
0 246
0 7174
0 3780
1
0 3263
1
0 9041
1
0 8329
0 553
0 6886
1
0 1205
1
0 8356
0 2725
1
0 3046
0 8228
0 6586
1
1
0 1676
0 9982
0 2370
1
0 3263
0 2900
1
1
0 6563
0 7344
0 5608
1
1
1
0 4677
1
1
1
0 5232
1
0 1951
0 3510
1
1
1
1
0 5495
0 1053
1
0 7192
0 4778
1
1
1
0 9300
1
1
1
0 2244
1
1
1
1
1
1
0 4396
1
0 2981
1
1
1
0 7344
1
1
1
0 540
0 2639
1
1
1
0 8316
1
1
1
1
1
1
1
1
1
1
0 9642
0 5362
1
1
1
0 224
0 5395
1
1
0 6537
1
1
0 9742
0 5923
1
0 2835
1
0 9928
1
1
1
1
0 5147
1
0 1573
1
0 7559
1
1
1
1
0 1594
1
0 1160
0 2535
0 119
0 8262
1
0 1489
1
0 2701
0 5750
1
1
1
0 7811
1
0 5370
1
0 8325
1
1
0 6002
0 3783
1
1
1
0 6257
1
0 82
0 8858
1
0 7245
1
0 3483
1
0 1294
1
1
0 9936
0 1342
1
1
0 8057
0 1396
0 3912
1
1
0 1490
0 2956
0 4349
1
1
1
1
1
0 2972
0 2724
1
0 9389
1
1
0 126
1
1
0 1434
1
1
1
1
1
0 1246
1
0 1107
0 2479
1
1
0 6696
0 8149
0 9655
0 10
1
0 4456
0 4484
0 7175
0 8771
0 9106
0 3023
1
1
0 1914
1
0 6766
0 6475
1
0 3171
0 1078
1
0 3716
1
0 8073
1
0 8909
0 1202
0 6768
1
0 3589
0 1151
1
0 9418
1
1
1
0 1727
1
1
1
0 1069
1
1
0 8240
1
1
1
0 4472
1
0 8753
1
0 2140
1
0 9643
1
1
0 7900
1
0 8609
0 49
1
0 4997
0 7147
0 7158
0 7797
1
0 822
1
0 7754
0 8500
0 4437
1
1
0 698
1
1
1
1
1
0 4575
0 4863
1
1
1
0 1290
1
1
0 3467
1
1
0 7693
1
0 6193
0 98
0 4742
0 5351
1
1
0 8501
1
0 9428
0 5076
0 3806
0 6892
1
0 2761
0 174
0 3149
1
1
0 2847
1
0 2945
0 6839
0 3161
0 6207
1
1
0 3675
0 4992
1
1
1
0 2210
1
1
0 3486
0 592
0 541
0 2857
1
0 4954
0 1224
0 8866
0 6418
0 4200
0 8750
0 8452
0 9331
1
0 6748
1
1
0 7304
1
1
1
0 1121
0 3878
0 7922
1
1
0 3329
0 9884
1
1
1
0 8941
1
0 9036
0 4219
0 7096
0 8829
0 3855
0 1253
1
0 8726
0 1763
0 6886
1
0 2385
0 4602
0 6377
0 9058
1
1
1
0 2770
0 6690
0 1165
1
0 8190
0 5448
0 7905
0 8169
0 7801
1
0 4749
1
1
1
1
0 7756
0 6523
1
0 6597
1
0 7019
1
0 4536
1
1
0 4688
1
1
0 8376
1
1
0 800
0 926
1
0 8656
0 8583
1
1
1
0 416
1
0 2613
0 8197
1
0 5788
1
1
1
0 3565
0 8523
0 7940
1
0 213
1
1
0 634
0 2618
0 3495
1
1
0 8484
0 2877
0 9748
0 8579
1
1
0 2364
0 7186
1
1
0 2430
1
0 8995
1
0 6678
1
1
1
0 8067
0 8687
0 4561
1
1
0 6339
0 9404
0 255
0 592
1
1
1
1
0 3864
1
1
0 4206
0 5890
0 4553
1
1
0 1263
1
1
0 3464
1
1
0 7163
1
0 3771
0 1327
0 8347
0 8058
0 6625
1
0 9484
0 9309
1
1
1
0 4906
0 8176
1
0 4001
0 2299
0 4104
0 3057
0 5938
0 9814
0 9540
0 6125
0 9200
1
0 8685
0 9588
0 381
1
1
0 2638
0 9772
0 5854
0 1429
1
0 3596
0 313
1
1
0 7601
0 9055
0 3952
0 1517
0 3292
1
0 3704
0 3622
1
1
1
0 3322
0 8736
0 6818
1
0 6766
0 9534
1
1
0 254
0 5068
0 4275
1
1
0 2968
1
1
1
0 2300
0 7897
1
1
1
1
1
0 3472
1
1
0 6534
1
0 3856
1
0 4179
1
1
1
1
1
0 3801
1
1
0 5759
1
1
0 1909
0 1229
0 5243
1
0 7916
0 8626
1
0 1518
1
0 4663
0 5000
1
0 2184
1
0 5985
0 8005
0 6050
0 6393
0 3262
1
1
0 8506
0 213
1
1
0 7224
0 357
1
0 1373
0 2229
0 714
0 8393
0 6751
1
1
1
0 6086
0 3498
1
1
0 1174
1
1
0 3202
1
1
1
0 6936
1
1
0 9379
0 6880
0 807
0 3173
1
1
0 3472
0 343
0 4895
1
0 8386
1
0 8066
0 7683
1
0 4461
1
0 3121
1
1
1
1
1
1
0 4342
0 5587
1
1
0 6049
1
1
1
1
1
0 9038
0 101
0 3761
1
1
1
1
1
1
1
1
1
1
0 8198
0 2305
0 992
0 2102
0 9358
1
1
1
1
1
0 2384
0 5143
0 5380
0 965
0 651
0 4003
0 9270
0 7238
0 1454
0 9538
0 3636
0 2929
0 5853
0 3985
0 4153
0 3901
0 7499
1
1
0 1313
1
1
1
0 5893
0 2583
0 5415
1
0 8059
1
1
0 2201
1
1
1
0 2072
1
0 4303
0 4914
1
0 6887
1
1
0 2924
1
1
1
0 2074
0 5785
1
1
1
0 0
0 9798
1
0 4205
1
0 7471
0 6353
1
0 4507
0 8762
0 7429
0 1170
0 782
1
1
1
0 2127
1
0 5971
0 5581
1
1
1
1
0 4878
0 2874
0 2594
1
1
1
0 6125
0 7550
1
0 3523
1
0 6217
1
1
0 8505
0 668
1
0 4883
1
0 2723
0 8555
1
0 4042
0 5947
1
0 9716
0 360
1
1
1
0 3144
0 9711
0 5956
1
1
0 5076
1
1
0 6415
0 5386
1
1
0 8652
1
1
0 115
0 668
1
0 4286
1
0 4132
0 3305
0 5342
0 8251
1
1
0 2414
0 5991
0 5568
0 8102
0 2080
1
0 694
0 1766
0 8373
0 4661
1
0 1878
1
1
0 3339
1
1
1
1
0 7621
0 6326
1
1
1
1
1
0 6126
1
0 3173
1
0 7494
0 4016
0 4891
1
1
0 7274
0 1374
0 5422
1
0 5941
1
1
0 9606
0 513
1
0 5349
0 9848
1
1
1
0 6798
0 458
1
0 1884
1
1
1
0 7535
0 9387
0 7085
1
0 901
0 8804
1
0 2456
1
1
0 9558
1
0 560
0 4690
0 2193
1
1
0 2040
0 9588
0 2910
0 5393
0 7000
0 1663
1
0 467
1
1
0 3626
1
0 3184
1
1
1
0 6796
1
0 3144
1
1
1
0 884
1
0 800
0 2911
1
1
1
1
0 1393
0 7455
1
0 6395
0 5486
0 3342
1
0 138
1
1
0 1633
1
0 2816
0 2361
1
0 5296
0 951
0 747
1
1
1
0 3790
1
1
0 3100
1
0 6442
0 6470
1
0 288
0 7916
1
0 733
0 2452
0 5496
0 168
1
1
0 2158
1
0 191
1
0 525
1
0 2698
0 3517
0 6057
1
1
0 5369
0 1747
1
1
0 7913
0 8645
1
0 1445
1
1
0 9864
0 146
0 2902
1
0 9978
1
1
0 6527
0 6297
0 2860
0 620
0 7127
1
1
1
0 2754
1
1
0 1178
1
0 7395
0 653
1
1
0 1309
1
0 9063
0 278
1
0 6246
1
1
1
0 8371
0 7154
1
1
1
1
0 459
0 2933
1
1
0 5268
1
0 9297
0 9555
0 4314
1
0 3540
0 5925
1
0 9144
0 9323
0 4881
0 3797
0 1313
1
0 8366
1
0 2814
0 7835
1
1
0 2007
0 6534
0 1797
0 6213
0 2139
0 2456
0 5919
0 5060
1
1
0 8294
1
1
0 9602
1
1
0 8809
1
0 8217
0 7533
1
0 206
0 6530
1
1
0 7315
0 2656
1
1
1
0 49
1
0 1285
1
1
0 3230
1
1
0 392
1
1
0 5419
1
1
0 4525
0 8397
1
1
0 2411
0 5299
0 1825
1
1
0 3423
0 2457
0 1111
0 4798
0 4078
1
0 7038
1
1
1
1
1
1
0 4447
1
1
1
0 6795
1
1
1
1
0 6076
1
1
0 7385
0 573
0 2573
0 3726
1
1
1
0 1572
1
0 2332
1
1
1
1
0 743
0 3177
1
0 6083
0 9529
0 2625
0 6151
0 4988
1
1
0 8412
1
0 4208
0 5606
0 7582
1
0 2435
0 4549
1
1
1
0 5410
0 9412
0 2365
1
0 6780
0 7102
1
0 1402
0 132
1
0 4340
1
0 907
1
0 3770
0 3136
0 9683
0 4053
1
0 6889
0 9839
1
0 8862
1
1
1
1
0 70
0 3135
1
1
1
1
0 4735
0 4555
1
1
0 9529
1
1
0 300
1
1
0 9003
1
1
0 8464
1
0 5322
1
0 6291
0 2657
1
0 8226
0 1075
0 6474
0 4847
1
1
0 2592
0 8788
1
0 7865
0 1947
1
1
0 6622
0 2085
1
1
0 4862
1
0 7553
1
1
1
0 4881
0 1902
0 2728
1
0 1773
1
1
0 7043
0 5942
0 9948
1
1
0 1143
1
1
1
1
1
0 4090
1
1
1
0 2943
1
0 4694
1
0 9037
0 7605
0 4832
0 109
0 4646
0 9833
1
1
1
0 12
0 9477
1
1
0 7416
1
1
0 213
1
0 4907
1
1
0 8875
1
1
1
0 4599
0 5973
1
1
1
0 1644
0 4295
0 2362
1
1
1
1
1
1
1
1
1
0 2797
1
0 3094
0 4587
0 867
1
1
1
1
0 5074
1
1
0 1069
0 7916
0 7107
1
0 3508
0 3337
1
0 3583
0 7630
0 1966
0 2675
1
1
1
1
1
0 7060
0 9375
1
0 2446
0 3751
0 8801
1
0 7218
1
1
1
1
0 491
0 3500
0 3850
0 5034
1
0 4928
1
0 2877
0 9293
0 585
1
0 9603
0 7766
1
1
1
1
1
1
1
0 654
1
1
1
0 3808
0 3119
1
1
0 2493
0 7277
1
1
1
0 3437
0 4374
1
1
1
1
1
0 1887
1
0 6314
1
0 6272
1
1
0 7235
0 6997
0 6725
1
0 354
1
0 6236
1
1
0 9174
0 573
0 9297
0 8466
1
1
0 3850
1
0 6475
0 7837
1
1
0 9905
1
1
1
0 3594
1
1
1
1
0 2055
0 934
0 760
0 9762
1
1
1
0 7970
0 5366
0 882
1
0 8394
0 3611
1
0 5711
0 9257
0 9968
0 8416
0 3846
0 529
0 5279
1
1
0 1232
1
1
0 7787
0 6352
0 6163
1
1
1
0 8288
0 5732
1
1
0 4148
0 1987
0 2791
1
1
0 1785
1
0 6290
0 5391
0 8172
0 490
1
1
0 934
1
0 955
0 432
0 4085
1
0 8233
0 2246
1
1
0 6248
0 6890
1
1
0 6601
1
1
0 3481
1
1
0 559
1
1
1
1
0 9878
0 6344
1
1
0 7643
0 2905
0 894
0 1907
1
0 4113
0 2443
0 7085
1
1
0 5570
1
1
0 5580
1
0 1487
1
1
0 7394
0 8760
0 5014
0 8355
1
1
1
1
0 727
1
1
0 3503
0 6687
0 7297
0 5101
1
0 8802
0 9684
1
1
0 2479
0 8979
1
0 6996
0 5793
1
0 2189
1
0 8607
1
1
0 9767
0 9310
0 4013
0 5573
1
0 2833
0 8298
0 2114
0 4294
1
0 1475
1
0 3620
0 4762
0 3899
0 769
0 5387
1
0 6783
1
1
1
0 7049
1
0 6234
0 9873
0 6072
1
0 9870
0 4130
1
1
1
0 5039
1
1
1
0 6872
1
0 1283
0 7511
0 7741
1
1
0 8391
0 1057
1
1
0 1618
1
0 2322
1
0 2598
0 8697
0 7909
0 6060
1
0 3518
0 8136
0 5070
0 8204
1
1
0 9334
0 2712
1
0 2545
0 5379
1
0 9274
1
0 3623
0 7183
1
1
0 2826
1
0 6737
1
1
0 828
1
0 588
0 2083
0 2500
1
1
0 4307
1
1
1
1
1
0 9339
0 8926
0 9813
0 6401
0 1634
1
1
1
0 6018
1
1
1
1
1
0 9278
1
0 675
0 5909
0 4077
0 1527
1
1
1
0 891
1
1
1
0 1255
1
0 2817
0 5381
1
1
0 2938
1
1
1
1
1
0 7707
0 3565
1
0 5092
1
0 7843
0 4659
0 7380
0 4580
0 1438
1
1
0 2973
1
0 7665
1
0 4409
1
0 621
1
1
0 983
1
1
0 9047
0 270
1
1
0 7834
1
1
0 2770
1
1
0 4879
1
0 2544
0 3702
1
0 6598
0 9789
1
1
1
0 4920
1
1
1
1
1
1
1
0 2242
1
1
1
1
1
1
0 369
0 4144
1
0 7450
0 2347
0 6727
1
1
0 1839
1
0 6825
1
1
0 6225
1
1
0 1244
0 6184
1
0 6188
0 3192
0 59
1
1
0 1048
1
0 4127
1
0 4330
0 3423
1
1
1
1
0 1315
1
1
1
1
0 8670
1
1
1
0 9875
0 7981
0 9782
1
0 8818
0 8216
1
1
0 4177
1
0 4129
1
0 2698
0 4039
1
0 1729
0 6762
0 6406
1
1
0 7418
0 2970
1
1
1
1
0 8924
1
1
0 6653
1
1
1
1
0 3480
0 5144
0 6932
0 9068
1
1
1
0 1321
0 1789
1
1
0 2438
1
0 7352
1
0 4394
1
1
1
1
1
1
1
1
0 7352
0 2349
1
1
1
1
1
0 7915
1
1
1
1
0 7664
1
1
1
1
0 9410
1
0 2750
0 1665
1
0 1823
0 2909
0 741
0 9899
0 2786
0 9904
0 1507
1
0 2851
0 3592
0 317
1
1
1
0 5588
0 3473
0 4172
1
1
0 1191
1
1
1
0 7221
0 2733
0 1325
0 1730
0 5714
1
1
1
0 2459
0 2961
0 4990
1
1
0 3839
1
0 8334
1
0 2090
1
0 8389
1
0 1123
0 9838
1
0 9624
1
0 5414
0 2409
1
1
1
0 4244
1
1
0 4112
1
0 8798
1
1
1
0 8925
0 5067
1
1
1
0 366
0 3253
0 4429
0 1978
1
0 4880
1
0 9124
0 8383
0 9297
0 7562
0 4218
1
0 2087
1
1
1
1
0 5994
0 7139
0 1698
1
1
1
1
1
0 44
0 9414
1
1
0 56
0 4123
1
1
0 3367
0 3132
0 9857
1
0 6630
1
0 122
0 5705
1
1
0 2121
1
0 2165
0 505
1
0 4655
1
1
1
1
1
0 7783
0 9307
1
0 5945
1
0 1281
0 8435
1
1
1
1
1
0 8495
0 8734
1
1
1
1
0 3218
1
0 7635
0 2838
1
1
0 299
0 4442
0 7673
0 8838
1
1
1
1
1
1
0 1271
0 3156
1
1
1
1
0 5499
1
0 3134
0 3969
1
1
0 1555
0 3261
1
1
0 7486
0 4367
0 1887
0 3457
0 8415
0 2169
0 4335
0 2135
1
1
0 877
1
0 1199
0 3741
1
1
1
0 895
0 4968
0 4196
0 7564
0 6479
1
1
1
0 913
0 2166
0 4588
1
0 2329
1
1
1
0 4493
0 6711
0 2912
1
1
0 1311
1
0 6998
1
1
0 6362
0 1075
0 2066
1
0 3781
1
1
0 446
1
0 4678
0 6444
1
1
0 5564
1
1
0 2935
1
1
1
1
1
0 3001
0 3543
1
1
0 6258
0 1540
1
1
1
1
0 6664
0 3619
1
0 3155
1
0 9381
0 3061
0 7535
0 3669
1
1
1
0 2653
0 371
0 2827
0 7617
0 2671
0 6469
0 2619
1
1
1
0 2973
1
1
1
1
0 5737
0 9778
0 8183
0 2429
0 7894
1
1
0 8177
0 7940
1
0 3895
0 4654
0 6155
1
0 9752
1
0 7123
1
0 3906
1
0 3685
0 4230
1
1
0 3172
0 532
1
1
0 1436
0 7474
1
1
1
0 820
0 2058
1
0 2733
0 199
0 7954
0 1550
0 9738
1
0 9817
1
0 1598
1
0 1556
0 7726
0 1354
1
1
1
0 7942
0 2371
1
1
1
1
1
0 6868
0 4861
0 8862
1
1
0 7674
0 6629
1
0 8185
0 5881
0 6823
0 7765
1
1
0 3093
0 6925
1
0 5839
1
0 2707
0 3956
1
0 7302
1
1
1
1
0 214
0 1145
1
1
1
0 8647
0 9165
0 4316
0 1282
0 8539
0 7081
0 2512
1
1
0 59
1
0 5753
1
1
0 416
1
1
0 998
1
0 9858
0 1958
0 3394
1
1
1
0 2525
1
1
1
1
0 557
0 3500
0 9903
0 8195
0 7975
0 6669
0 6524
1
1
0 3878
0 4535
0 9094
0 3240
1
0 5765
1
0 7440
0 4474
0 1306
1
1
0 9932
0 2564
0 1895
1
1
0 9606
1
0 9836
1
1
0 7076
1
0 3550
0 4447
0 3812
0 9646
0 2588
1
0 7676
1
0 959
1
1
1
1
0 3978
1
0 1327
1
0 5915
1
0 1313
0 9774
1
1
0 4257
0 3891
1
0 7547
0 5883
0 3111
0 3492
0 6049
1
1
0 5483
1
1
0 6407
1
0 8983
0 2423
0 8084
0 3002
0 9071
0 7589
1
1
1
1
1
0 6357
1
0 8758
1
0 5138
0 6295
1
0 9055
1
1
1
1
0 3147
1
0 6149
0 9178
1
1
1
1
1
1
1
1
0 9146
0 3790
0 4460
1
1
1
1
0 6163
0 7314
0 457
0 3700
0 7724
0 5290
1
0 2818
0 4837
1
0 934
1
0 80
0 6263
0 5334
0 7940
1
0 77
0 9666
0 1862
0 1361
1
1
0 8115
1
1
1
1
0 4899
0 2196
0 7531
0 2266
0 932
0 6443
0 8047
0 4847
0 6546
0 1868
1
0 3229
1
0 8667
0 8988
0 8499
1
1
1
0 662
1
0 5332
1
1
1
0 1497
1
0 3086
0 482
1
1
1
1
0 5580
1
0 599
0 4413
1
1
0 6424
1
0 3438
1
1
1
1
1
0 4552
0 9183
0 7795
1
0 7427
1
0 1819
1
0 6533
0 8624
1
1
1
1
0 5710
1
1
0 535
1
0 777
1
1
0 3297
0 8590
1
0 2333
0 1058
0 6690
1
1
0 4259
0 5611
0 4363
0 4102
1
1
0 5575
0 5753
1
1
1
0 6194
0 5754
1
1
1
1
0 8888
0 294
1
0 9869
0 8834
0 5134
1
1
1
1
1
0 5199
0 5367
0 2930
0 5958
1
1
0 6612
1
0 6434
1
0 1035
1
0 8441
0 2118
0 4384
1
0 2219
1
0 3253
1
1
0 7821
1
0 7530
1
0 1230
0 9393
0 5668
1
0 451
0 6029
1
1
1
1
1
0 2494
0 1536
0 4911
0 4141
0 9164
1
0 6469
1
1
1
1
0 8644
0 8516
1
1
0 6743
0 8444
1
1
1
1
0 6181
0 8603
1
1
1
0 5376
0 323
0 1730
0 7111
0 9593
0 9625
0 8475
0 3471
1
1
0 2238
1
0 5925
1
1
1
1
0 2678
1
0 4687
1
1
1
1
0 3881
0 3778
1
1
0 6509
0 2908
0 8864
1
1
1
0 3013
0 3897
0 1837
0 3828
0 2598
0 5554
1
1
1
1
0 7149
1
0 6976
1
1
0 5908
1
1
1
1
1
1
0 8157
1
0 2276
0 100
1
0 9050
1
0 783
1
1
0 5343
0 8987
1
0 9826
1
0 2086
1
0 3210
1
1
1
1
0 3746
0 4606
1
0 3414
0 3624
1
1
0 3702
1
1
0 8304
1
0 4971
1
0 5124
1
0 4152
1
1
1
1
1
0 7851
0 5259
0 5100
1
1
1
1
1
0 585
0 4986
1
0 9476
1
1
1
0 1497
1
0 2001
1
0 3973
1
0 4626
0 6190
1
1
1
1
1
0 1794
0 2202
0 6798
1
1
0 3016
1
0 9512
0 2420
1
1
0 6680
0 4746
0 396
0 8576
1
0 195
0 4171
0 596
0 4872
1
0 1670
0 9411
0 5707
0 793
1
1
0 6686
0 3987
0 9042
0 8422
0 8106
1
0 3717
0 254
1
0 7202
1
0 6353
0 1260
1
1
0 4751
0 4626
0 6085
1
1
1
0 5433
0 3264
0 1580
0 7205
0 1440
0 564
0 1820
1
0 1409
0 6198
0 3163
1
0 4267
0 7481
1
1
0 6304
0 9852
0 7794
0 1944
1
1
1
0 8632
0 247
0 4425
1
1
1
0 1806
1
0 1374
0 2268
0 5192
1
1
1
0 8755
1
1
0 2539
0 2275
0 7403
1
1
1
1
0 785
1
1
0 5057
1
0 3058
0 1890
1
1
0 889
1
0 2756
0 9723
1
1
0 965
0 4698
1
1
1
1
1
1
0 2488
1
0 7545
1
1
1
0 3611
1
1
1
0 6108
0 2279
1
1
1
1
0 2309
1
1
1
1
1
1
1
1
1
1
1
0 6275
0 8293
0 3220
1
1
1
1
0 3969
0 21
0 5128
0 8813
0 26
0 5661
1
0 3572
0 237
1
0 8967
0 2532
0 5238
0 8474
1
1
1
0 4384
1
1
1
0 3293
1
1
1
0 8550
1
0 4663
0 6673
1
0 2007
0 9792
1
0 1387
1
1
1
0 3636
1
1
0 7340
1
0 8147
0 5329
0 5057
1
1
0 8573
0 9533
1
0 6710
1
1
1
1
0 4242
0 7307
1
1
1
1
1
0 703
1
1
1
0 7461
1
1
0 3448
1
0 9685
0 6753
1
0 359
1
0 7912
0 53
0 244
0 4437
1
1
0 9209
0 1595
0 3425
1
1
0 9370
1
0 9732
0 8432
0 3644
1
1
1
1
1
1
0 4801
0 2014
0 6410
1
0 7301
1
1
1
0 3535
1
1
0 2572
1
1
0 3887
0 4636
0 4663
0 4239
1
0 8859
0 5826
1
0 7489
1
1
1
0 8302
1
0 1111
1
0 2723
0 8270
0 5791
0 9958
1
0 194
1
1
0 2670
0 9645
0 4692
0 8863
0 6776
0 1558
0 6703
1
0 7814
1
1
1
0 486
0 5363
0 9272
0 8977
1
0 6817
0 8069
0 6248
0 375
1
1
1
1
0 6818
0 6324
0 9452
1
0 1669
1
0 2155
1
1
0 2318
0 4898
1
0 8067
0 7502
1
1
0 477
1
0 5738
1
1
1
0 3376
0 8066
0 3293
0 7599
1
1
0 9898
0 2963
0 1765
0 3364
0 5839
0 9935
0 7078
0 9949
1
0 5629
1
0 4242
0 9127
1
1
1
0 2757
1
1
0 760
0 2718
0 7975
1
1
1
0 1627
0 9188
0 860
0 3215
0 1118
1
0 1712
0 7550
0 8523
1
1
1
1
1
0 4296
1
1
0 7703
1
0 1863
0 4078
1
0 9136
0 4610
0 182
1
0 8605
1
1
0 517
0 5181
1
1
0 1860
0 3013
1
0 4705
0 771
1
1
1
0 3465
0 371
1
0 9074
1
0 8908
1
1
1
0 6233
1
0 4575
1
1
1
0 1196
1
0 5901
1
1
0 1174
0 4292
0 9832
0 1275
1
1
1
0 8998
1
0 7456
0 845
1
1
1
1
0 4560
1
0 8937
0 4306
0 463
0 131
1
1
0 3951
0 2398
0 9113
1
1
0 3066
1
1
1
0 9556
1
0 3079
0 7016
0 9156
0 9446
1
1
0 7178
0 380
1
1
0 4209
0 7958
0 4463
1
1
1
1
1
1
0 1967
1
0 5046
1
0 7923
1
1
0 6127
1
1
0 5433
1
0 4302
0 9052
0 9003
0 2736
1
1
1
1
1
1
1
0 477
0 5937
0 2030
1
0 8456
0 6424
1
1
0 7929
1
1
0 8028
0 504
0 1408
0 9219
1
0 1726
0 284
1
1
0 6791
1
1
0 2944
0 3629
1
1
0 3498
0 4054
1
1
1
1
0 3142
1
0 6383
0 9542
0 9189
0 9231
0 9535
1
1
0 1090
0 1564
0 16
1
0 6141
1
0 6548
1
0 9186
0 2892
1
0 4511
1
1
0 4011
1
1
1
0 1738
1
1
0 7028
0 1921
0 9628
0 3467
0 4063
1
0 1892
0 4207
0 2303
1
1
1
1
1
1
0 7848
1
0 6210
1
0 5786
1
0 5397
0 3092
0 9211
0 9851
1
0 8520
1
1
1
0 5947
1
0 2762
1
1
1
0 6076
1
1
1
0 7159
1
0 738
1
1
1
0 6493
1
1
1
0 8627
1
1
0 9146
0 2379
0 6033
0 5339
0 7702
1
1
1
1
0 1821
0 1588
0 9709
1
0 3612
1
0 7367
1
0 5994
1
0 53
1
1
1
1
1
0 1535
0 4193
0 283
0 2062
1
1
0 5024
0 8954
0 5976
1
0 5460
0 8855
0 8631
0 3702
1
1
1
1
1
1
0 201
1
1
0 8879
0 7919
1
0 3516
1
1
1
0 9599
1
1
0 4026
0 7330
0 847
1
1
0 9436
1
0 2225
1
1
0 9978
0 3348
1
1
1
0 8532
0 4644
1
1
0 5095
0 5654
0 8548
1
1
0 4016
1
1
1
0 103
0 8221
1
1
0 8441
0 7889
1
0 5263
1
1
0 5697
0 502
1
1
1
0 7800
1
0 3548
1
1
1
1
0 1772
1
1
1
1
0 7909
0 1741
0 1311
1
1
0 3263
0 7992
0 8903
1
0 1520
0 5413
0 1297
0 599
0 585
1
0 8279
1
0 5176
1
0 8271
0 3482
1
0 9544
1
1
0 9162
0 6558
0 3228
1
1
0 3050
0 9914
0 4770
0 5328
1
0 6306
0 6659
1
1
1
0 9311
0 1282
0 8387
1
0 7549
0 3069
1
0 1148
1
1
1
0 2266
0 96
1
0 5956
0 8538
0 7260
1
1
1
1
0 5759
1
1
1
0 2879
1
1
0 8356
1
0 5525
1
0 850
0 7254
1
0 9486
1
1
1
1
1
1
1
1
1
0 6880
0 1359
1
1
0 5426
1
1
0 7834
0 2012
0 5748
1
1
1
0 9723
1
0 5041
1
0 1267
0 5577
0 1403
1
0 7852
1
1
1
0 1128
0 819
0 1183
1
0 5998
1
1
1
1
0 9783
0 1474
1
0 9574
0 6050
0 1183
1
1
1
1
1
1
0 8279
0 1502
1
1
0 5314
1
1
1
1
1
1
0 8528
0 6547
1
0 2473
1
0 3977
0 7395
0 6485
1
0 5342
0 3736
0 1413
1
0 4098
1
0 9134
1
0 7879
1
1
0 1834
1
0 9373
0 963
1
1
1
1
0 3484
1
1
1
0 9538
0 9792
1
1
1
1
1
0 5002
0 3608
0 6648
0 9915
1
1
1
0 2498
1
1
1
1
0 9332
1
1
1
0 5740
0 8303
0 8448
1
0 9332
0 5396
0 7883
0 4033
1
1
0 5784
1
0 4634
1
0 483
0 1090
0 4839
1
1
0 9385
0 4358
1
0 2904
0 6177
0 9639
0 5062
1
1
1
1
1
0 948
0 8787
0 3804
1
1
1
1
0 8539
1
1
1
0 1247
1
0 503
0 3888
0 1065
0 5449
0 4104
1
1
1
0 694
0 406
0 9849
0 679
0 7819
0 9634
0 4753
1
1
1
1
0 2856
1
1
0 4527
0 2340
1
0 9806
1
0 5073
0 2340
1
1
0 7861
1
0 2032
0 9271
0 6188
1
0 8541
1
0 1397
1
0 8288
0 5162
1
1
1
0 4834
0 8212
0 9866
1
1
0 4257
1
1
0 7287
1
1
0 3202
1
1
1
0 6117
0 3838
0 1124
1
1
1
1
0 9635
1
0 9026
1
1
1
0 7039
1
1
0 799
1
0 6979
1
0 1699
1
1
0 9985
1
1
1
0 6312
1
0 837
0 9945
0 3628
0 6357
1
0 9748
0 4023
0 5600
0 6775
0 8117
1
0 9241
0 8448
0 6391
1
0 4702
0 5303
1
1
0 9541
0 3533
0 456
0 706
0 9622
0 5986
0 5550
0 506
0 722
0 2908
0 9585
0 546
1
1
0 2647
1
0 3171
0 738
0 6622
0 4079
0 4905
1
1
1
0 5345
1
1
0 5203
1
0 8112
0 9278
0 4808
1
1
0 1237
1
1
0 8049
1
1
0 6192
0 2466
0 2748
1
1
0 1581
1
0 3785
1
1
1
1
0 2756
0 4283
0 2071
1
1
0 1946
0 1432
0 4081
0 6483
0 4922
1
0 1158
1
1
1
0 2475
0 2517
0 6355
0 3517
0 7452
1
1
1
0 2099
0 6791
1
1
1
1
0 3565
0 4421
1
1
1
1
1
1
0 5319
0 3372
0 256
0 2878
0 686
1
1
1
0 981
0 2315
0 9217
0 1359
0 2963
1
1
0 1610
1
0 8102
1
0 3422
0 9555
0 251
0 5661
0 9827
0 4853
0 8215
1
1
1
0 484
0 6323
0 9242
0 8691
0 6772
1
0 1226
1
1
1
1
0 135
0 3558
1
1
0 4840
0 8830
0 2169
0 9937
0 581
1
1
1
0 4969
0 1514
0 7643
0 9320
1
0 6672
1
0 6808
0 8439
1
1
0 148
0 3359
0 6499
1
1
1
0 2061
1
0 3872
0 405
1
0 8048
1
0 8252
0 1551
1
1
0 228
1
1
1
0 7464
0 9956
1
1
0 9216
1
1
0 1530
1
0 2644
0 6888
0 7835
1
1
1
0 4633
1
1
0 7328
1
0 8254
0 477
1
0 3849
1
1
1
0 6089
0 2181
0 2197
0 5258
0 9380
0 3313
1
0 3584
1
1
1
0 2666
1
1
0 6961
0 4431
0 7429
0 9065
0 346
1
1
1
0 9739
0 2235
1
1
0 4841
1
1
1
1
1
1
0 5219
0 8539
1
1
0 6923
0 5900
1
0 6395
0 7323
0 5845
0 6381
1
1
0 1692
0 2751
0 8136
0 1645
1
0 7083
0 98
1
0 3719
0 4378
1
0 997
0 9092
1
0 9382
0 6968
0 6061
1
1
1
1
0 403
1
1
1
1
1
0 918
1
1
0 3913
0 2752
1
0 3749
0 6045
0 6042
0 8222
1
1
0 5571
0 4741
0 6694
1
0 3351
0 2977
0 5380
0 3641
1
0 7555
1
0 8291
0 7826
1
1
0 413
1
0 9775
1
1
1
0 2192
0 5436
1
1
0 9937
1
1
1
0 2227
1
1
1
1
0 4425
0 7875
1
1
1
0 1134
0 8984
1
1
0 4698
1
1
1
1
0 5273
1
0 3859
1
1
1
1
0 8573
0 3334
1
1
1
1
1
1
0 4842
1
1
0 9936
0 1849
1
0 8335
1
1
1
1
0 171
1
1
0 4277
0 7534
1
0 6885
1
0 1383
0 1264
0 3367
1
0 6870
1
1
0 2320
0 3406
1
1
1
0 3709
0 3019
0 8851
1
1
0 7666
1
1
0 6227
1
1
0 6097
0 9717
1
1
0 6798
0 4199
0 2428
1
0 2146
0 6205
1
1
1
0 6841
0 3624
0 5875
0 9694
1
0 7054
1
1
1
0 9638
1
0 6436
0 798
0 9533
1
0 1680
0 5070
1
1
1
0 9705
0 931
1
1
1
0 6415
0 7313
0 541
0 6136
0 9531
0 2967
0 9886
0 6170
1
1
1
1
1
1
1
1
0 5273
1
0 5837
1
0 6096
0 6879
1
1
1
0 4379
1
0 3466
0 3730
1
1
1
0 7162
0 5441
1
0 1009
0 9007
1
0 7868
0 5419
0 4568
0 6842
1
0 615
0 1218
0 5336
0 6894
1
0 5855
0 7126
0 8478
0 9804
0 9928
0 4914
1
1
1
1
0 2746
1
1
1
1
1
0 879
1
1
1
0 7073
1
0 2928
0 1999
0 839
0 2101
0 7199
1
0 9762
1
1
1
1
1
1
1
1
1
1
1
0 987
1
0 1470
0 5876
0 2569
0 4695
0 5429
1
1
1
0 7785
0 8927
0 7337
0 7897
0 8825
1
1
0 9102
1
0 6441
1
1
1
1
1
0 6587
1
1
1
0 7268
0 5493
1
1
1
0 2181
1
0 6431
0 6614
0 6021
1
0 1477
0 5889
1
0 3801
1
1
1
0 5320
0 4266
0 3331
0 4130
0 7953
1
0 6486
1
1
0 7548
1
1
0 2116
1
0 5179
0 3605
0 8752
0 9449
1
1
0 1927
1
1
0 9595
1
1
1
1
0 6739
0 1179
1
0 3414
0 1170
1
0 8921
1
1
1
0 5684
0 4880
1
1
0 3476
1
0 5087
1
0 9167
1
0 4727
0 6104
1
1
0 5672
0 4876
0 5750
0 4617
1
1
1
1
0 1280
1
0 3633
1
1
1
0 8020
0 6701
1
1
1
1
0 3686
1
1
0 1119
1
1
0 8982
0 5903
1
0 6973
0 5563
0 5773
1
1
0 8588
0 3019
0 6272
0 4477
1
0 1080
0 5695
0 7098
1
0 364
0 9203
0 8642
0 2530
0 2959
0 5207
1
0 893
0 2229
1
1
1
0 9539
0 7141
0 4470
1
1
0 8330
0 9728
1
1
1
0 833
0 9471
1
1
1
0 6892
0 5252
0 3434
0 3725
1
1
0 9384
0 3854
1
1
1
0 5510
0 5793
0 5428
0 7498
0 9927
1
0 8087
1
0 4980
1
0 1955
1
1
0 577
1
1
0 1848
1
0 9028
1
1
1
1
0 1447
1
0 8946
0 5734
1
1
0 9506
0 5153
1
0 7109
0 579
1
1
1
1
0 4680
1
1
1
1
1
1
1
0 8750
1
1
1
0 5740
1
1
1
1
0 1067
0 5254
1
1
1
1
1
1
1
0 6050
1
0 2462
0 6011
1
0 6562
1
1
0 5266
0 2309
1
0 8223
0 9977
0 5642
0 3819
1
0 3842
1
0 1008
0 1189
0 6616
0 6096
0 9768
0 5541
1
0 8462
0 9935
1
0 846
0 7000
0 4638
1
0 8458
1
1
1
1
1
1
0 1561
0 5221
0 1987
1
0 3231
1
0 9212
1
1
0 1680
1
1
1
1
0 1666
0 4984
1
0 3865
1
1
0 4789
0 5798
1
0 3715
1
0 1400
0 9517
1
0 426
1
0 2106
1
0 9134
0 2238
0 8848
0 3629
0 3792
1
0 8029
0 3351
0 579
1
0 9599
0 7999
1
0 775
1
0 4828
0 8047
1
1
1
0 2992
0 6933
0 4316
0 359
1
1
1
0 1699
1
0 7921
0 9504
0 5870
0 3082
1
0 9023
1
1
1
1
1
1
1
1
0 3541
1
1
1
0 7738
0 232
1
1
1
0 7806
0 6473
0 7949
1
0 4595
0 182
0 5427
1
1
0 6913
1
1
1
0 9288
1
1
0 6015
0 1363
0 5351
0 48
0 1298
0 7586
1
1
0 195
0 8927
0 2147
1
0 6794
0 7465
1
0 4910
1
1
1
1
0 7659
0 428
0 7361
1
1
0 3349
0 4259
0 5204
0 9827
1
1
1
1
0 1472
0 3506
0 4574
1
0 5908
0 1199
0 8268
0 37
0 6702
0 2856
0 6567
0 2325
1
0 3132
0 7707
1
0 723
0 5652
1
0 7131
0 3575
1
0 536
1
0 5157
0 2370
1
0 5588
1
1
0 4015
0 1829
0 1373
0 5298
0 8214
1
1
1
1
0 7349
0 1021
1
0 1557
1
1
1
0 5208
0 2414
1
0 1978
0 4571
1
0 2162
0 5168
1
0 3382
1
0 9953
0 4663
1
1
1
1
0 3593
1
0 6660
0 8078
0 2003
1
1
1
1
0 554
0 6155
0 831
1
1
0 9802
1
1
0 8015
0 6482
0 5785
0 9996
1
0 6656
0 165
0 2405
0 8594
0 9921
0 3293
1
0 8144
0 2359
0 9685
0 7631
0 2765
1
1
0 2049
1
1
0 7326
0 5054
0 4364
0 6484
1
0 5575
0 8111
1
1
1
0 733
0 7644
1
1
0 622
0 3625
1
1
1
1
0 423
1
1
0 8326
0 6055
1
0 1578
1
1
0 1958
1
0 5323
1
1
0 3430
0 946
1
1
0 8107
0 2949
0 1788
0 2922
1
1
1
0 1257
1
1
1
1
0 2525
0 2055
0 2782
0 3881
1
1
1
1
1
0 324
0 3036
0 4741
1
1
0 7126
0 5263
1
1
0 8012
1
1
0 1172
0 3493
0 3415
1
1
0 6114
0 1270
0 5402
1
1
1
0 1231
1
1
1
1
0 6861
1
0 887
0 7820
0 498
1
1
0 1937
0 5256
0 9035
1
1
0 1795
1
0 8286
1
1
0 8168
1
1
0 9755
0 5957
0 5216
1
0 1981
0 1149
0 9508
1
0 1116
0 5580
0 3860
0 6986
1
1
1
0 3606
1
0 7295
1
1
1
0 1566
0 1804
1
1
0 9397
0 3165
1
0 9710
1
0 5290
0 6193
0 8552
0 8015
1
1
0 1318
1
1
1
1
0 164
1
1
1
0 3603
0 7500
1
1
1
1
1
0 2057
1
1
1
0 1954
0 1220
0 8416
1
0 2760
1
1
1
0 9894
0 2248
1
1
0 6671
1
0 4646
0 2927
1
1
1
0 536
1
1
0 710
0 974
1
0 775
1
0 4153
1
0 399
0 2289
0 9275
1
0 8166
0 2635
0 623
0 3301
0 2030
0 4250
0 9032
1
1
1
1
0 7134
1
1
0 1386
0 8039
1
1
1
0 5502
0 5769
1
1
1
0 4946
0 5780
1
0 30
0 811
1
0 7170
1
1
1
1
0 1943
0 1300
1
0 5959
0 3182
0 7628
1
0 4905
1
1
0 5182
0 9531
0 4291
0 4124
1
1
1
1
0 1950
0 2820
1
1
1
1
0 6431
0 1995
0 844
0 8904
0 892
0 8304
1
1
0 9387
0 9348
0 627
0 7510
1
1
1
0 3344
1
0 3816
0 5128
1
1
0 4493
1
0 3397
0 1667
1
0 4093
1
0 9832
1
0 6047
0 9978
0 1499
1
1
1
1
1
0 4015
0 6023
0 3922
0 5108
1
1
0 8476
0 8344
0 8738
1
1
1
1
1
0 4356
1
0 5855
0 2953
1
0 4733
0 6668
0 7355
0 9427
1
0 2751
1
0 1227
0 8297
0 511
0 5437
0 1728
0 6402
1
1
0 1939
0 6586
0 6360
1
0 3029
0 3766
1
1
1
1
0 452
0 2935
0 3658
1
1
0 4235
0 3511
0 4571
0 2899
0 7887
1
0 6614
1
0 3025
0 5640
0 1716
1
0 7124
1
0 2485
0 6440
0 1685
1
1
1
0 4142
0 4621
0 4114
1
1
1
0 943
0 9137
1
1
0 7112
1
1
0 5690
1
0 4527
0 4235
1
1
1
0 2522
0 1795
1
1
1
1
1
0 1277
1
1
1
0 1124
1
1
1
0 6278
1
0 1956
0 6007
0 1142
0 7123
1
1
1
1
0 9736
1
1
1
0 575
0 3517
0 1941
1
0 5516
1
1
0 1531
1
1
0 5815
0 4009
0 877
1
1
0 3482
1
0 3218
1
0 807
0 4382
1
1
0 670
1
1
1
0 7116
0 6434
1
0 9921
0 4475
1
0 5352
0 4773
0 7601
0 6356
1
0 163
0 2865
0 355
0 3010
0 6522
0 3563
0 151
1
0 2528
1
1
0 7565
0 4924
0 4886
0 8884
0 7518
0 3307
1
1
1
0 6302
1
1
1
0 5208
0 2583
0 5203
0 7196
0 3079
0 4802
1
1
0 9913
1
1
1
0 9647
0 8185
0 2147
0 4060
0 169
1
1
0 1603
0 8124
1
1
0 8137
0 3897
1
1
0 6970
0 7159
1
0 2309
0 7460
1
1
0 7551
1
0 8705
0 6512
0 3956
0 3744
1
0 817
1
1
1
0 2066
1
1
1
0 3903
1
0 2564
1
0 7968
1
0 5520
1
1
0 5366
1
1
1
0 6196
0 507
0 7005
0 1690
1
1
1
1
1
1
1
0 73
1
0 5314
0 6649
0 3205
1
1
1
1
1
1
1
1
1
0 4269
1
1
1
1
1
1
1
0 6761
1
0 2072
0 8725
0 3842
1
1
0 5967
1
0 6101
1
1
0 9281
1
1
1
0 5970
0 1611
1
0 7810
1
1
0 777
0 6643
1
0 3012
1
0 9678
1
0 6297
0 4924
0 51
1
1
0 3786
0 604
1
1
1
1
0 6378
1
1
0 8071
0 3944
1
1
1
1
1
1
1
0 9283
1
0 221
0 3859
0 6153
0 5038
0 105
1
0 8725
1
0 6020
1
1
0 1555
1
0 5200