10000
0 9952
0 8161
1
1
0 8818
0 9069
0 9213
1
0 1642
0 9770
0 7963
1
1
1
1
0 6980
1
1
0 2691
1
0 1302
1
0 5815
1
0 5693
0 2989
0 6824
1
0 5675
1
1
0 3517
0 2843
0 2783
1
1
0 4280
0 3696
0 9627
1
0 2137
0 3145
0 9276
1
1
0 9953
1
1
0 2412
1
0 7857
1
0 701
0 4960
0 8492
1
0 1913
1
1
1
1
0 29
0 3626
1
0 8817
0 341
1
0 3865
0 6177
0 8325
0 4823
1
1
0 5462
0 7711
1
1
1
1
1
1
1
0 3897
0 6430
0 263
0 7098
1
0 7216
0 9241
0 8406
1
1
1
1
1
0 9882
0 6512
0 7027
1
0 2997
1
1
0 6605
0 2231
1
1
1
0 2286
0 7341
0 6144
1
1
1
0 1096
1
0 9897
0 5353
0 7138
1
0 3925
1
0 6805
0 914
0 9762
1
0 3592
0 5842
0 5054
0 6640
0 6815
1
1
0 7537
0 4160
1
1
0 5392
0 8522
0 6319
0 2475
1
0 4348
1
1
0 9908
0 97
0 3158
0 3395
0 8566
1
0 6478
0 7866
1
0 6427
1
0 7368
1
1
0 1618
0 241
0 125
0 5753
0 6465
0 830
1
0 2581
1
1
1
1
0 7626
0 3895
1
1
1
1
0 4042
0 1173
0 5285
0 4322
1
1
0 9106
0 3696
0 2288
0 6330
0 9885
1
0 2951
0 9995
1
1
1
1
0 9492
0 1989
0 4694
0 8444
0 6745
0 2370
0 903
0 1321
1
0 4590
1
0 4475
1
1
1
0 3350
1
0 4314
1
1
1
0 2834
1
1
0 1762
0 5650
0 2607
0 4462
0 7301
1
1
0 284
0 2719
1
1
0 6157
1
1
0 3610
1
0 120
1
0 3438
1
1
0 3383
0 8760
0 5972
0 8778
0 607
1
0 892
1
1
1
1
0 1582
1
0 637
1
1
1
1
1
1
0 5722
1
1
0 309
1
1
1
0 6578
0 3179
0 7424
0 883
1
0 749
1
0 6263
0 4418
0 4133
0 983
0 7281
1
0 7597
1
0 7907
0 2041
0 3470
1
1
0 5583
0 720
1
0 6568
0 3335
0 9830
0 4768
0 9932
0 2552
1
1
0 5425
0 3177
1
1
1
1
0 3899
1
1
1
0 1483
0 1433
1
0 5000
1
1
1
0 8362
0 5139
0 8007
0 6849
1
0 6859
1
0 4775
1
0 9585
0 4317
0 1336
1
1
0 717
1
1
0 4158
1
0 5717
0 2354
0 4948
1
1
1
1
0 1361
1
0 6136
0 9764
0 5076
1
1
1
1
1
0 4084
0 275
0 6855
1
0 8925
0 8111
1
0 4825
1
0 8470
1
1
1
0 7179
0 4029
1
1
0 8521
1
1
0 8778
1
1
0 4419
1
0 176
0 9004
1
0 536
0 4315
0 7935
0 1260
1
1
0 9373
1
0 7313
0 8916
1
0 1736
1
0 7252
0 9727
1
0 6255
0 2683
0 7408
0 361
1
0 4648
0 4697
1
1
1
1
1
0 7845
0 5152
0 8137
1
0 3444
1
0 3171
0 1244
0 3742
0 6674
0 3499
0 5579
1
1
1
0 9194
1
0 9726
1
1
1
1
1
0 7417
1
0 861
0 5420
0 8118
1
1
1
0 2838
0 6794
1
1
1
1
0 1715
1
0 5540
0 5888
0 6163
1
0 8654
0 8322
0 3446
0 8281
0 8089
0 6347
0 945
1
0 7739
1
0 1470
1
1
0 8538
1
1
0 6418
0 6940
1
1
0 523
1
1
0 5193
1
0 9634
0 6852
1
1
1
0 9424
1
1
1
1
0 3135
0 1789
0 8552
0 4300
0 6145
0 7440
1
0 2248
0 7969
1
1
0 2430
0 9891
1
0 3252
1
1
0 3488
1
1
1
0 4733
0 4568
1
1
0 5437
0 7501
0 5818
0 4502
0 1440
0 1391
1
1
1
1
0 7239
0 1957
1
0 198
1
0 6213
0 3641
0 2245
0 7194
1
1
0 2491
1
0 3345
1
0 4398
0 5163
1
0 2203
1
1
1
0 2376
1
0 596
0 5585
0 8350
1
1
0 9913
1
0 7312
0 5760
0 2017
1
1
0 2471
0 7974
1
0 2486
0 1311
0 8161
0 1031
1
0 2968
0 9333
1
1
0 1951
1
1
1
1
1
0 379
1
1
1
0 6749
1
1
1
1
0 238
1
1
0 9001
1
1
0 1218
1
0 8376
0 2311
1
0 7927
1
1
1
0 9970
1
1
1
1
1
1
1
0 4057
1
0 8801
1
1
1
1
0 6226
1
1
1
0 5347
1
0 3274
0 765
0 9552
0 1467
1
0 8405
0 6645
1
1
1
1
0 5856
1
0 864
0 9410
1
0 2446
1
0 4146
1
1
1
0 3445
0 5714
1
0 1572
1
1
0 9997
1
0 7052
0 1552
1
0 4637
1
1
0 3566
1
1
1
0 3344
1
0 764
1
1
1
1
1
0 1178
1
0 6036
1
1
0 9318
0 9468
1
1
0 5054
0 4505
1
0 3703
1
1
0 664
0 7811
1
0 3627
1
0 5962
0 8302
1
0 568
1
1
1
0 5112
1
0 5570
1
1
0 7546
0 130
1
0 7177
1
1
1
0 4697
1
0 7083
1
1
0 504
0 2305
1
1
0 2229
1
0 4613
1
0 1091
0 9831
0 3929
0 656
1
0 1885
0 5268
1
0 7836
0 7401
1
1
1
1
0 4438
1
1
1
1
0 7633
0 8246
1
1
0 8645
1
1
1
1
1
0 289
1
0 408
1
0 4162
0 3189
1
0 897
1
0 3499
1
0 9461
0 1364
0 2236
0 8489
0 5499
0 9239
0 3889
1
0 7114
1
0 878
0 4553
0 932
0 2094
0 2184
0 1681
1
0 7494
1
0 1553
1
1
1
0 673
1
0 4015
0 2469
1
0 6073
0 4210
1
0 7301
0 1916
1
1
1
0 3667
0 3612
0 9145
1
0 2011
1
0 2110
1
0 7801
0 1303
0 4829
1
1
1
1
0 5457
1
1
1
1
1
1
0 2324
0 8536
0 7246
1
1
0 8350
1
1
1
0 1873
0 3458
1
1
0 249
0 5993
1
1
0 2488
1
0 1144
0 7069
1
1
0 3306
0 7813
1
1
0 6576
1
1
1
1
0 2190
1
1
0 815
0 8981
0 6277
1
0 914
1
1
0 2095
1
0 4052
1
1
0 4659
0 732
0 9833
1
0 5551
1
1
1
1
0 3285
0 3182
0 3524
0 1744
1
0 4714
0 6832
0 5277
1
0 1493
0 4612
1
0 8552
1
1
0 9219
1
0 1689
1
0 1327
0 3469
1
0 9532
1
1
0 409
0 1101
1
1
0 4219
1
1
1
1
1
1
1
1
0 6724
1
0 4765
1
1
1
0 1153
1
0 686
0 42
0 8850
1
0 3116
1
1
0 5432
0 2519
0 2625
0 421
0 1215
0 1863
1
0 4155
1
0 6732
0 7102
1
0 5543
0 2147
0 5491
1
0 7273
1
1
1
0 6420
0 6928
0 8748
0 3890
1
1
1
0 963
1
1
0 5304
1
1
0 2917
0 994
1
1
1
0 1203
0 1424
0 9620
1
1
0 6871
0 1494
1
0 8303
1
1
1
0 3068
1
0 443
1
1
1
0 8969
0 1905
0 7250
1
1
1
1
0 2870
1
1
1
0 5612
1
0 267
1
0 9534
0 9207
1
1
0 8736
0 5714
0 9070
0 4968
0 6340
1
1
1
1
0 4237
0 6873
0 9868
0 7187
0 9105
0 6645
0 3011
1
0 5137
1
0 5238
0 2342
1
1
1
1
1
1
1
0 1297
0 4010
1
1
0 9034
0 1528
0 4174
0 2539
0 902
0 9708
1
1
0 7630
0 4033
0 5289
0 4301
1
1
0 3469
0 4856
0 8953
1
1
0 9805
1
0 3980
0 6420
0 4846
0 5558
1
0 7249
1
1
0 9511
1
1
1
1
1
0 5199
0 9573
1
1
0 3554
1
0 9606
0 799
0 2609
1
0 124
1
0 6942
1
1
1
0 9069
1
0 9234
1
1
0 1001
0 7173
0 3226
1
0 9182
0 9543
0 8156
0 4332
0 7840
1
0 9826
1
0 9384
0 2614
0 5157
1
0 960
1
0 1961
0 5164
0 7873
1
1
0 6708
1
1
1
0 9462
0 8759
0 5737
0 4373
1
0 1810
0 9127
1
0 3166
1
0 1157
0 9300
0 4586
1
1
0 581
1
0 5712
1
1
1
1
0 1797
0 4367
0 8375
1
0 8602
0 7653
0 3686
0 7574
0 4527
0 3869
0 4049
0 8334
1
0 5381
1
0 9699
0 7711
0 18
1
1
0 5906
1
0 4508
1
1
1
1
1
1
0 4637
0 4158
1
1
0 4789
0 2788
1
0 5474
1
1
0 1703
0 7068
0 738
1
0 1261
1
0 9438
1
0 5900
0 7583
0 852
0 6991
0 4497
1
1
0 8303
0 5463
0 6292
0 8932
0 8421
0 1579
0 3274
0 5229
1
0 6494
0 883
0 2702
1
0 4444
0 2156
0 9248
1
1
0 9370
1
1
1
0 6416
0 520
0 4434
0 2877
0 7144
0 4962
1
0 2197
0 2173
0 4481
0 7437
0 4614
0 598
0 3292
1
0 4424
1
1
1
0 9614
0 9271
0 3320
0 5025
1
0 1368
0 2763
0 2020
1
1
1
0 7000
1
1
1
0 5554
1
1
1
1
1
1
0 5204
0 6360
0 7286
0 4463
1
0 5831
0 8940
1
0 4376
0 8167
1
0 4124
1
0 9977
0 3295
1
0 9195
1
1
1
0 8885
1
1
0 4608
0 3833
0 3352
1
0 5065
1
0 788
0 4055
0 459
1
1
0 1339
0 9615
1
1
0 4008
1
1
1
1
0 1769
1
1
0 5107
0 593
1
1
0 4342
1
0 4749
0 8260
0 5949
0 6008
1
1
0 6566
1
0 7284
1
0 646
0 6473
0 348
1
1
0 9021
0 8343
0 4659
0 5584
1
1
1
1
0 5246
1
0 6262
0 9249
1
0 6533
0 5344
0 478
0 4852
1
0 1281
0 1971
1
1
1
0 9347
1
0 4893
1
0 2740
1
1
0 2451
0 4672
0 8358
0 124
0 7441
0 4576
0 7781
1
1
0 9497
1
0 8307
0 9807
0 743
1
0 6838
0 9832
1
1
0 738
0 6396
1
1
0 5503
0 9828
1
0 3961
1
0 3910
0 1688
1
1
0 6881
0 3860
0 4458
0 4430
1
0 2703
0 7161
1
1
1
1
0 8113
1
0 8193
0 2336
0 9902
0 5606
1
0 7368
1
1
0 4920
0 8994
0 1622
1
0 4325
1
1
0 4588
1
0 3135
1
0 1510
0 1716
1
0 1619
0 4935
0 2470
1
0 9024
0 1894
1
0 217
1
1
1
0 7088
0 8488
1
0 7315
0 4023
0 9025
0 7361
0 6882
1
0 1817
1
0 6825
0 9868
0 3761
1
1
0 3922
1
0 6085
1
1
0 4548
1
1
0 6639
0 1088
1
0 6664
1
0 5037
1
0 5880
0 9693
1
1
1
1
0 137
1
0 1785
0 9650
0 5468
1
0 61
1
0 298
1
0 1545
1
1
0 5403
1
1
1
0 8347
1
1
1
0 8981
0 2731
1
1
0 1760
1
0 2311
0 5508
0 1920
0 8627
1
1
1
1
0 7101
1
1
0 6475
0 826
0 3337
0 3444
0 4182
0 761
0 7315
0 9609
1
0 5117
0 8127
1
0 153
0 1229
0 9162
1
0 5998
1
0 1182
1
1
0 1697
0 5204
0 3280
1
0 6947
0 9650
1
1
0 3829
1
1
1
0 3025
0 6717
0 1976
1
1
1
0 2072
1
1
0 3339
0 852
1
0 3170
0 2108
0 1613
1
1
0 5216
1
0 1280
0 506
1
1
0 3254
0 9935
1
1
0 2644
1
0 2335
0 8507
0 5174
0 9869
0 7364
1
0 8128
0 3885
1
1
1
1
1
1
1
1
1
0 239
1
1
0 3344
1
1
0 1448
0 6288
1
1
0 257
1
1
0 7339
0 2812
0 8016
1
0 2922
1
1
1
1
0 9818
1
0 8417
1
1
0 5603
1
1
1
1
1
0 1064
1
0 9991
0 1065
0 5375
0 9838
1
0 3316
1
1
0 3610
1
0 2207
0 294
0 9896
0 6423
1
0 3582
1
0 4646
1
1
0 8666
0 6496
0 7898
1
0 2606
0 9292
1
1
1
1
0 1461
0 5863
0 7061
0 2828
0 4958
1
0 8909
1
0 3958
0 5427
0 7598
1
1
1
1
1
0 8794
1
0 8048
1
0 9509
0 3864
1
1
0 5095
0 9640
0 7578
0 5266
0 8859
0 9767
0 3965
0 8661
1
0 8293
0 235
0 5673
0 3281
1
0 5262
1
0 656
1
1
0 4564
1
0 3113
1
1
0 997
0 6312
0 527
0 5565
1
1
1
1
0 8127
0 7716
0 984
1
1
1
1
1
1
0 7884
1
1
0 2896
1
1
1
1
1
0 5657
0 7126
0 2929
1
0 7364
1
0 5080
0 6709
1
0 4105
1
0 3008
0 4517
1
0 1867
0 142
0 4417
1
1
1
0 1895
1
1
0 9036
1
0 3096
0 3622
1
1
1
0 332
0 8905
1
1
1
1
1
0 1489
1
0 2258
1
0 8236
0 6014
1
0 3543
0 7763
0 2529
1
0 4191
0 3739
0 6543
1
1
0 8123
1
0 2733
1
0 3837
0 3653
0 2790
1
1
1
1
0 5052
0 1957
0 4249
0 2844
1
1
0 7607
0 2752
0 8226
0 7174
1
1
1
0 149
0 3180
1
0 1422
1
0 61
0 4683
1
1
1
0 7732
1
1
1
1
0 5172
1
0 9750
0 339
1
0 7001
0 6744
1
1
1
0 8364
1
1
0 9635
1
1
1
1
0 5862
0 6113
1
0 3599
1
0 6764
0 6660
0 4551
0 456
0 2703
1
0 2513
0 9971
0 6039
0 7950
0 1307
1
1
1
1
0 2712
0 1854
0 4255
0 5779
1
0 9234
1
1
1
0 3553
1
1
1
0 8071
0 7174
1
0 7042
0 7468
1
1
1
0 9790
0 9297
0 59
1
1
0 5123
1
0 2325
1
1
1
1
1
1
0 4532
0 6057
1
1
0 7832
1
0 4910
0 2156
1
1
0 3505
0 5333
0 5901
1
0 1416
0 4471
0 7715
0 9885
0 1102
0 3152
0 8122
0 9315
1
0 4028
1
1
0 8268
0 3990
0 2988
1
1
0 2484
0 6658
1
1
0 2037
0 2672
0 8617
1
0 8480
1
1
0 6574
1
1
1
1
0 4762
0 8351
0 2128
0 5453
0 2864
1
0 834
1
1
0 2737
0 2680
1
0 9290
1
0 2172
1
0 4620
1
0 9337
0 7731
1
1
1
1
1
0 678
1
0 1057
1
0 7872
0 308
0 2612
1
1
1
1
0 426
1
1
0 9396
0 736
0 9124
1
1
1
0 3204
0 9551
1
1
1
1
0 4832
0 5097
0 7273
0 6943
0 3663
1
1
1
1
0 298
0 4441
1
0 6357
1
0 5230
1
1
0 450
1
1
1
0 222
0 9548
1
0 9011
0 8994
0 10
1
0 3678
0 227
1
1
0 2925
1
0 9557
1
0 4705
1
0 720
1
0 1523
1
0 1072
1
1
0 368
1
1
1
0 9039
1
1
0 2796
0 7468
1
0 2542
0 8377
0 2688
0 6939
1
0 422
1
1
0 8708
1
0 5143
1
1
1
1
0 5997
0 9025
1
0 3268
0 6567
0 7979
1
0 5670
0 5886
0 6999
1
1
0 3522
0 3343
1
0 8487
0 2573
0 8151
1
1
1
0 3059
1
1
1
0 5115
0 9108
1
0 2699
0 7459
1
0 3195
1
0 5382
0 5215
0 8868
1
1
0 2934
1
1
1
1
0 4420
1
0 8978
0 6490
1
1
0 7137
0 5150
0 3584
0 3873
0 80
0 9006
0 9475
0 6040
0 3075
1
0 5857
1
1
1
1
0 5608
1
0 46
1
1
0 6415
0 370
0 5108
1
1
1
0 2796
1
1
0 1178
0 6012
1
1
1
0 4132
1
0 5211
1
0 5484
1
0 745
0 5034
1
0 1385
1
0 5175
0 9858
1
0 537
0 6825
1
1
0 8073
1
1
0 9996
1
0 4104
0 9253
1
0 6350
0 4639
1
1
0 9179
1
1
1
1
1
0 8465
1
1
1
1
0 4247
1
1
1
1
1
0 7064
0 2179
1
1
0 325
1
1
0 9379
0 5105
0 7607
1
1
1
0 3354
1
0 4822
0 4624
1
0 7429
1
0 354
1
0 8885
1
0 7415
0 7981
0 5900
1
1
1
1
0 6744
1
0 947
1
0 1325
1
1
0 3526
1
1
1
0 6437
1
1
1
1
1
0 6783
0 7948
0 5032
1
0 8380
0 5841
1
1
0 510
0 4466
1
1
0 9776
1
1
1
0 5639
1
1
0 6752
1
0 9887
0 703
1
0 8134
1
0 2653
0 2545
1
1
0 535
1
0 2253
1
0 9149
1
0 731
0 1019
0 6742
0 2893
0 4010
1
0 2933
1
0 953
0 3692
1
0 896
0 8266
1
0 3924
0 7873
0 2835
0 4247
1
1
1
0 1483
1
1
1
1
1
0 2685
1
1
1
1
0 4805
0 5865
1
0 7297
0 4287
0 7781
0 6522
1
1
1
0 2214
0 2020
1
0 9352
0 3835
1
1
1
1
0 350
0 5190
0 1701
1
1
1
0 9802
0 2204
0 5559
0 9451
0 2186
0 8436
1
1
0 6262
0 9839
1
0 3303
0 1758
0 5258
1
1
0 1464
1
1
1
1
0 8092
0 5963
0 8778
1
0 6796
0 1541
1
1
1
0 1297
1
1
1
0 9585
0 4690
0 6113
0 4350
1
0 6590
1
0 1034
1
1
1
1
1
0 5806
0 9653
1
1
0 8677
0 169
1
1
0 6089
0 4291
1
0 2292
1
0 5308
1
0 8727
0 4203
0 781
1
0 5244
1
0 1249
0 8863
1
1
1
1
1
1
0 7923
1
1
1
0 4116
1
1
1
0 8065
0 9198
0 6260
0 1835
1
0 7207
0 9177
1
1
0 9191
1
0 1025
0 9700
0 2439
1
0 6170
0 4181
1
0 6078
0 5921
1
1
0 7959
0 6599
0 8697
1
1
0 3508
0 8100
0 6875
1
1
0 779
0 8100
1
0 3741
0 4141
1
1
1
0 7570
0 5965
1
1
1
0 1367
0 9185
0 8047
1
0 2916
0 207
1
0 986
0 5443
1
1
1
1
0 7046
1
1
1
1
0 443
1
0 9359
0 3487
1
1
1
1
0 8493
1
1
0 3991
0 6039
1
1
1
0 7270
1
1
0 2530
1
0 7982
0 5590
0 1765
0 420
1
1
0 1720
1
1
0 9304
1
1
0 8130
1
1
1
1
0 7135
1
0 1452
1
1
0 934
0 8541
0 2972
1
1
1
1
0 6296
1
0 9214
0 7869
1
1
0 4842
1
1
1
0 9351
1
0 7155
1
0 3754
0 2482
0 232
0 2137
1
0 828
0 9032
1
1
1
0 7594
1
1
0 6625
1
0 7241
1
1
1
0 8667
1
1
0 2603
1
1
1
0 5910
1
0 3090
1
0 3402
1
0 2504
1
0 3690
1
1
1
0 3976
1
1
1
0 6559
1
0 5333
1
1
0 8078
0 1367
1
1
0 8420
0 4212
0 2464
1
0 6222
1
0 6604
1
0 6932
0 1637
1
1
1
0 5254
0 4365
1
0 8795
0 354
0 6068
1
1
0 1728
0 9022
1
1
1
1
1
1
1
0 5133
0 2252
0 3012
1
1
1
1
0 918
0 2012
0 8727
1
0 9891
1
0 1619
0 4577
0 1409
0 673
0 725
1
1
1
0 1146
1
0 7947
1
0 4629
1
0 3002
1
0 1729
1
1
0 7236
0 9592
0 8380
1
0 905
0 6942
0 9453
0 193
0 631
0 9900
1
1
1
0 7880
0 8913
1
1
0 311
0 8616
0 9408
1
0 7789
1
1
1
1
1
0 2111
0 3223
1
0 9004
0 861
1
0 6773
1
1
1
0 5413
0 376
1
0 4275
1
1
1
0 2778
1
1
1
0 5347
1
1
1
1
0 3927
0 447
0 3500
1
1
0 5610
0 4266
1
0 1636
0 4032
1
0 9461
1
1
0 3412
1
1
0 3914
0 3682
0 5356
0 5166
0 3466
0 5727
1
1
1
0 8138
1
1
1
0 5009
1
0 822
1
0 8231
1
0 348
1
1
0 4192
0 7827
0 1845
0 7971
1
1
1
1
1
0 8874
1
1
1
1
0 8597
0 7837
0 626
1
1
0 2768
1
0 5239
1
1
0 7893
1
1
1
1
1
1
0 273
1
0 2359
1
1
0 3021
0 5046
1
1
1
1
1
1
0 3642
0 7638
1
1
0 7627
1
0 6196
1
1
1
0 6309
1
0 5020
1
0 1390
0 2286
1
0 8046
0 8090
0 2131
0 6135
1
0 5870
1
0 9849
1
1
0 9113
1
1
1
0 2842
0 4418
0 164
1
1
1
1
1
0 9761
1
1
1
0 1829
0 8302
0 7585
0 3901
1
1
1
0 2684
1
0 8434
0 7981
1
1
0 1364
1
1
1
1
0 2426
1
0 7022
0 4968
0 5616
1
0 8159
0 4871
0 5571
1
1
1
0 8874
0 8288
1
0 2786
1
0 6086
1
1
0 4532
1
1
0 6124
1
1
1
1
0 6251
0 7546
0 911
1
0 3401
1
0 2004
1
0 6847
1
0 9306
1
0 4626
0 184
0 2357
0 5913
1
0 357
1
0 6608
1
0 6967
0 1388
1
1
1
0 9830
1
1
0 7755
0 8687
0 7091
1
0 7275
0 3492
1
1
1
0 5725
0 7220
0 9177
1
0 7250
1
0 5076
1
0 1258
1
0 639
0 2897
1
0 6340
1
1
0 5743
1
0 1111
0 1640
1
1
0 5522
0 7245
0 7825
0 7298
0 5061
0 6863
0 5023
1
0 7920
1
1
1
0 1590
0 1564
1
1
1
0 256
1
0 5469
1
1
1
0 1849
0 5268
1
1
0 7965
1
1
0 1599
1
1
0 8740
0 3545
0 2385
0 7935
0 969
1
1
1
0 4072
0 2728
1
1
0 7310
0 6308
0 5712
1
1
1
0 4480
1
1
0 7001
0 5244
1
1
1
1
0 7724
1
1
0 1206
0 6817
1
0 1981
1
1
0 9406
0 7699
1
0 5060
1
0 8024
0 5482
0 7760
1
0 940
1
0 5016
1
0 2753
0 4538
0 3609
0 7904
1
1
0 9926
0 6596
1
1
1
1
0 6032
1
0 6917
1
0 9580
1
1
0 7562
1
1
0 1525
1
1
0 7954
1
0 1098
0 8285
0 9635
0 3817
0 1651
1
0 5497
0 6944
0 1270
0 6001
1
1
0 797
0 6583
1
0 9173
0 905
1
1
0 9059
0 4662
0 7126
0 6338
1
0 6366
0 9568
1
0 839
0 84
0 408
1
1
0 6583
0 5148
1
1
1
1
0 4409
1
1
1
0 6205
0 8573
0 4895
0 1962
0 954
0 1654
0 2482
1
0 2482
1
1
0 2393
0 1173
1
0 9302
0 766
1
0 6190
0 6406
1
1
0 7693
1
1
1
1
0 6515
0 7287
0 9643
0 7443
0 5186
0 6044
1
0 2401
1
1
1
1
0 5710
0 9122
1
0 3215
0 5821
0 1062
0 429
0 7459
1
1
1
1
0 9195
1
1
1
1
0 3993
1
0 3513
1
0 9224
0 9241
1
0 8808
1
1
1
1
1
0 5277
0 1633
0 4223
0 564
1
1
0 5010
1
1
1
0 1764
0 1165
0 4445
0 1124
1
1
1
1
1
1
1
1
0 1793
0 6267
1
1
1
1
0 698
0 5559
0 6740
0 1250
1
0 2415
0 6934
1
0 1816
1
0 6984
0 1216
1
0 5849
0 5119
1
0 5897
0 3250
1
0 5629
1
1
0 5625
1
0 1762
1
1
0 2550
0 6865
0 5975
1
1
0 54
0 9392
1
1
0 8393
1
1
0 7062
0 9977
1
1
1
1
1
1
1
1
1
0 9437
1
0 1344
0 7629
1
1
0 5627
1
0 346
0 481
1
0 8476
1
0 8453
0 9251
1
0 5707
1
0 6242
1
0 2031
1
1
0 5075
0 5755
0 2360
1
1
1
1
0 4929
1
0 3405
0 7252
0 8624
0 1715
0 8562
0 7582
1
0 7203
0 1492
0 2914
0 5280
0 5581
0 2756
0 8441
1
1
1
0 4255
0 5058
0 7690
1
1
0 8557
0 6900
0 6785
1
0 6325
1
1
0 8123
0 4261
1
1
0 5277
0 4205
1
0 3140
0 9918
1
0 3961
1
0 9718
0 2492
0 8337
1
0 8032
0 5535
1
1
1
0 1807
0 8889
1
1
1
1
1
0 8874
1
1
0 6521
0 7065
1
0 2911
0 9318
1
0 6001
1
1
1
1
1
0 9632
1
1
0 4344
1
1
1
0 7229
0 3061
0 1434
1
1
0 5670
1
1
0 4896
1
1
1
1
1
1
0 6581
0 941
0 4651
1
0 7962
1
1
0 3876
0 64
0 9615
1
1
1
1
1
0 5920
1
0 1678
1
1
0 5867
0 184
1
1
0 3556
1
1
1
0 5254
0 821
0 4937
1
1
0 3950
0 1659
1
1
0 6011
0 1962
0 7811
0 5310
1
0 4215
1
1
0 7081
1
0 4026
0 6866
0 5454
0 2145
0 1794
1
1
0 4980
1
0 7343
0 2051
0 1861
1
0 6863
0 6312
1
0 435
0 1811
1
0 3830
1
1
0 153
0 494
0 9601
1
0 934
1
1
0 9037
0 5064
1
0 7162
1
1
1
1
0 262
0 7140
1
1
0 7393
1
1
1
0 9806
1
0 9026
0 3105
1
0 1382
0 7798
0 302
0 9961
1
0 9787
1
1
0 7831
1
1
0 4789
0 951
0 6735
1
0 5285
0 9285
1
1
0 3141
0 6351
0 2978
0 5654
0 3773
0 2726
0 5569
1
1
1
1
0 7825
0 4730
0 3200
1
1
1
1
1
1
1
0 9920
0 7474
0 9543
0 9218
1
1
0 7913
0 9087
0 6557
0 4317
1
1
1
1
0 7630
0 414
1
0 8238
0 6349
0 9167
0 6836
1
1
0 1948
0 4272
1
1
0 4553
0 5495
1
1
0 9328
1
1
1
1
0 674
0 5938
1
1
0 8273
0 1554
0 4349
0 8777
1
1
0 1764
1
1
0 631
0 5697
0 2369
0 3357
0 5285
0 8298
0 7298
1
0 9750
0 9497
0 782
1
0 7499
0 8369
0 5488
0 9893
0 2802
1
1
0 3479
0 6228
1
1
1
0 9706
0 932
1
0 682
1
1
1
1
1
0 4155
1
1
1
1
0 8613
0 1779
0 3976
1
1
0 9210
1
1
1
0 528
1
0 823
0 7404
0 6849
1
0 8705
0 1156
0 8775
1
1
1
0 45
0 330
0 2513
1
0 1723
1
0 8800
0 1137
1
0 8312
0 425
0 5206
0 2010
0 8868
1
0 7643
1
0 5395
0 9744
1
0 6470
0 9271
0 1866
0 6866
1
0 4355
1
1
1
0 9527
0 2987
1
1
0 7332
1
1
0 7657
0 3074
1
0 704
1
0 4495
0 2334
0 9975
1
1
1
1
1
1
1
1
0 2957
0 9501
0 6824
0 908
1
1
0 499
1
0 107
1
0 6184
0 3333
0 4554
1
0 638
1
0 9795
1
0 3085
0 8569
1
1
1
0 7301
1
0 8165
0 27
0 4665
1
0 7804
1
1
0 7541
1
0 7965
0 9217
1
1
0 6612
0 1058
0 5077
1
0 1264
0 6630
1
1
0 819
0 94
0 7600
0 9975
1
1
0 1087
1
1
1
0 2834
1
0 9446
0 4665
0 3696
1
0 4961
0 9413
0 4716
1
1
0 1289
0 468
1
1
1
1
0 445
1
0 719
1
1
0 589
1
1
1
1
0 7798
0 3604
1
1
0 238
1
0 3105
0 1566
0 1147
1
1
1
1
0 7302
0 449
1
0 4072
0 3962
0 2832
1
1
1
0 4914
1
0 623
1
0 5608
1
0 3526
0 94
1
0 4874
1
0 2177
1
1
0 3945
1
0 7907
0 6871
0 5989
0 8694
0 6
0 7878
1
0 3486
1
1
1
1
1
0 6723
0 6025
1
1
0 3098
0 7199
0 352
1
1
0 4256
1
0 2950
0 7435
1
1
0 8073
1
1
0 469
1
0 8186
0 2198
0 4088
1
0 3538
1
1
0 8716
1
1
1
1
1
0 8737
0 7156
0 2633
0 180
1
0 4607
0 4677
1
0 903
0 1660
0 9731
0 4881
0 1901
0 460
1
0 2752
1
0 2473
0 9670
0 3710
1
1
1
1
1
0 1305
0 3036
1
1
0 414
0 6800
1
0 8544
0 2888
1
0 267
1
1
1
0 4751
1
1
1
1
1
1
1
1
1
0 2368
1
0 5500
0 820
1
0 9416
0 8059
0 8573
0 3843
1
0 6991
1
1
1
1
1
1
0 5717
0 2653
0 4223
0 4575
0 1062
1
1
1
1
0 1298
0 159
1
1
1
0 3150
1
1
1
1
1
1
0 5753
0 7810
1
0 17
0 7940
0 514
1
0 3098
0 7425
0 8535
1
1
0 3824
0 210
1
0 1312
1
0 509
1
1
1
1
1
1
0 80
0 5709
0 1139
0 8398
0 1948
0 5786
1
0 7495
0 5513
1
1
0 4919
1
0 2374
0 7285
0 6637
0 8337
0 5540
0 9946
0 5794
0 2313
1
1
0 2719
0 1097
1
1
0 6273
1
0 5112
0 6101
0 4083
0 7475
1
1
1
1
1
0 1817
1
1
1
1
0 8156
1
0 7228
0 5116
1
0 1853
1
0 4440
1
1
1
1
1
0 6095
1
0 4045
1
0 7536
1
1
0 8850
1
1
1
1
0 586
1
1
0 5357
0 5541
0 6520
0 4693
1
0 5651
0 2334
1
1
1
1
1
1
1
1
0 2124
1
1
0 9942
0 2421
1
0 7348
1
0 2889
0 5811
0 3850
0 3100
1
1
0 1174
1
0 9562
1
0 9189
1
0 7665
1
0 9500
0 7010
1
0 574
1
0 9865
1
1
1
0 5265
0 8473
0 7263
1
0 9247
0 8207
1
0 7396
1
1
1
0 573
1
1
0 2836
0 8157
0 6913
1
0 8327
1
1
1
0 817
0 8566
1
1
1
0 4268
1
1
1
1
1
1
0 5601
0 8387
0 9533
0 4046
1
1
0 4963
0 8471
0 3636
0 8125
0 4693
0 7112
0 1412
1
0 6837
1
1
0 8827
0 7467
1
0 7004
0 4738
1
1
1
0 8013
0 4295
0 1077
1
1
0 5115
0 5593
0 6765
0 2184
1
0 4488
1
1
1
0 7072
0 2643
1
0 45
1
0 5869
0 12
1
1
1
1
1
0 8405
0 1516
1
0 8489
0 5793
1
0 7613
0 3201
1
0 7284
0 4665
0 2293
0 5028
1
0 5041
1
0 2483
1
1
1
0 699
1
1
1
0 7783
1
0 2244
0 1436
1
1
1
1
0 8637
1
1
0 6568
1
1
0 5042
0 444
1
0 8850
1
0 8772
1
0 9887
0 495
0 8037
0 3649
0 5399
0 5270
1
0 6810
0 3798
1
0 7080
1
1
0 8136
1
0 6987
1
1
0 6970
0 1999
0 3125
1
0 6270
0 3340
0 8187
1
0 798
1
1
1
0 1676
1
0 3778
0 3683
1
1
1
0 9010
1
0 1640
0 9345
0 8049
1
0 2262
1
1
0 7505
0 7599
0 7946
0 7132
1
0 2679
1
0 6363
1
0 3385
0 890
0 8483
1
1
1
0 757
1
1
1
1
1
0 725
0 3773
0 5013
1
0 4635
1
0 4387
0 5234
1
1
0 3987
1
0 8822
1
0 6650
0 3661
1
0 3033
0 2653
1
1
0 6627
0 1086
1
0 5722
1
1
0 1243
1
0 2057
0 2535
1
1
0 700
1
1
1
0 4392
0 4450
0 6503
1
1
1
1
0 3662
1
1
1
1
1
1
0 5324
0 3896
1
1
1
1
1
0 9886
1
0 4951
1
1
0 92
0 3058
1
0 9694
0 1644
1
1
1
1
1
1
0 9343
1
0 2973
1
1
0 3650
0 1342
1
1
0 4151
1
0 595
1
0 5015
0 3855
1
0 8189
1
1
0 2847
1
1
1
1
0 1515
0 4285
1
0 9080
1
1
1
1
0 8623
0 6530
0 5870
0 3156
0 4697
1
1
1
1
0 2725
1
0 1267
0 4178
1
1
1
1
0 3896
0 6437
0 2431
1
1
1
1
0 6362
0 1031
0 7849
0 6705
0 661
1
1
1
0 1719
0 1893
0 2221
0 2957
1
1
1
1
0 8157
1
0 8649
0 5458
0 6794
0 3802
0 4459
0 8722
1
0 5526
1
1
0 3213
1
1
1
0 7408
0 577
1
0 360
1
0 7943
0 5764
0 4009
0 6243
0 3554
1
0 8629
1
1
0 4093
0 7753
1
0 2203
0 4814
0 3162
1
1
0 2104
1
1
1
0 4781
0 6100
1
1
1
1
1
0 2227
0 3259
0 8422
1
1
1
0 9043
0 6258
0 9743
1
0 6638
1
0 5655
1
1
1
1
0 480
1
0 4078
0 5998
1
1
0 5393
1
1
0 2042
0 4924
1
0 9931
0 8857
1
1
1
0 661
1
1
0 9890
0 4281
0 5092
0 4862
1
0 50
0 2762
1
0 4995
1
0 6272
1
1
0 9046
1
1
1
1
0 1065
1
0 4866
0 8606
0 604
1
1
1
1
1
1
1
1
1
0 2634
1
1
0 965
0 7813
0 7839
0 415
0 6697
1
0 8570
1
1
0 5493
1
0 9351
1
1
0 5736
1
1
1
0 7204
0 3086
1
1
0 275
0 5544
0 1998
0 4082
1
1
1
1
0 2533
0 4853
0 7372
1
0 1600
1
0 6170
0 7038
1
1
1
1
0 4181
0 8541
0 6200
0 7996
1
0 2057
0 9249
1
1
1
0 6989
1
0 3230
1
1
0 5116
0 3534
1
0 3658
1
0 7840
1
1
0 2046
0 8266
0 7578
0 4320
0 4239
1
0 6656
1
0 4148
1
1
1
1
1
0 1798
0 4942
1
0 7663
1
0 5277
1
1
1
0 305
1
0 977
0 5450
0 44
1
0 1487
1
1
0 8704
1
1
0 2894
0 2825
1
1
0 4351
1
0 4269
1
0 8805
0 4667
1
1
0 1818
0 4306
1
0 2146
0 9425
0 7939
0 463
0 3415
1
1
0 4125
0 8820
0 310
0 1353
1
1
1
0 4614
1
1
1
0 854
0 5674
1
1
0 9728
0 1972
0 8762
0 148
0 9857
0 5604
0 7552
1
0 8905
1
0 1341
1
1
0 2366
1
1
1
0 593
0 8177
1
0 4765
0 5196
0 2108
1
1
0 2321
1
0 9873
0 4170
1
0 9591
0 3567
0 8660
0 2448
0 1858
0 4172
0 2859
1
1
1
0 984
0 1398
0 3850
0 5002
1
1
1
0 9936
1
0 9528
1
1
0 1490
1
0 5069
1
0 5593
0 1848
1
0 2176
0 6681
0 8849
1
0 8565
0 5682
0 5593
0 4268
0 7114
1
0 8449
0 8976
0 3611
0 1195
1
0 7456
1
0 3153
1
1
1
0 6806
0 5241
0 3562
0 6054
0 2974
1
1
0 6822
1
1
1
1
0 2441
0 8154
0 9364
1
0 9869
0 2465
1
0 1472
1
1
0 9059
1
1
0 9567
0 4492
1
1
1
1
1
1
1
0 5289
0 6111
1
1
0 2523
0 6836
1
0 1785
0 1771
1
1
1
1
0 8648
1
1
1
1
1
1
1
1
0 1614
0 5296
0 2468
0 321
0 854
0 7377
0 5014
1
1
1
1
1
1
0 1569
1
0 159
1
0 1209
0 605
0 8330
0 9614
1
1
1
0 5178
0 5516
0 6352
0 7123
0 8127
0 3313
0 4230
1
0 9550
0 8854
0 8744
1
1
0 9673
1
1
1
1
0 1370
1
0 346
1
1
1
0 9891
0 3362
0 4583
0 4383
0 6478
0 7791
0 4648
0 1749
1
0 1422
1
0 7062
0 8342
0 5001
0 5131
0 8121
0 1408
0 3099
1
1
1
0 5253
0 5384
1
1
0 187
1
1
0 8989
1
1
1
0 7921
0 8440
1
1
0 9095
1
1
0 8033
0 5273
0 8885
1
1
0 2266
1
0 9335
0 167
0 107
1
1
0 7359
0 252
1
0 3174
1
1
0 3118
1
1
0 5128
0 6406
0 7631
1
1
1
0 8740
0 5546
0 6443
0 768
0 4336
0 4998
1
0 895
1
0 3067
0 8248
0 8211
0 8471
1
1
0 9296
1
0 5546
0 2901
0 6636
0 3926
0 1633
0 2978
1
0 3918
0 64
0 3272
0 7120
1
0 1684
1
1
1
1
0 2644
1
0 8190
1
1
1
1
0 9600
0 6048
1
0 5808
0 3526
0 3006
0 7224
0 5031
1
1
0 8720
0 6416
1
1
1
0 1047
0 6117
1
0 4105
0 5229
1
1
0 6694
1
0 220
1
0 4483
1
1
1
1
0 2582
0 314
1
0 7064
1
1
1
0 5711
1
1
1
0 8872
0 4897
0 9949
1
1
0 8702
0 1004
1
1
1
1
0 5804
0 8921
1
0 2337
0 8049
0 6282
0 8567
0 6281
0 5149
1
1
1
0 1772
0 2358
1
1
1
1
1
0 5337
0 2389
1
1
1
0 8730
0 1819
0 1743
1
0 8020
0 2502
0 4102
1
1
0 1223
0 8650
0 1099
1
1
1
0 6369
0 3691
0 1124
0 1805
1
1
1
0 7143
1
1
1
0 1042
0 6927
0 9933
0 4420
1
0 2469
1
0 3501
1
0 9870
0 7930
1
0 5165
0 6553
0 6039
0 7708
0 6831
1
1
1
1
1
0 6547
0 5491
1
1
1
1
0 7814
1
1
1
0 9654
1
0 1171
0 6064
1
1
0 9445
0 7539
0 876
0 8931
1
1
0 311
0 5455
0 2639
0 2344
0 7195
0 842
1
0 9136
0 1247
1
1
0 242
0 8780
1
1
1
1
0 2733
1
0 4564
0 5812
0 376
1
1
1
0 821
0 8803
1
0 7940
0 7168
1
0 6503
1
0 5284
1
0 9086
1
0 8171
1
1
1
0 9401
0 7047
0 9086
1
1
0 8317
1
0 4238
1
0 7758
1
1
1
1
0 5898
0 6903
1
0 3006
0 6554
1
0 6873
0 7703
0 2904
0 6393
0 3048
1
0 2840
0 4007
0 3059
0 801
0 835
0 5923
1
1
0 2038
1
0 8592
1
1
0 7806
0 2090
1
1
0 8485
0 5898
1
0 1199
0 4128
1
1
0 636
1
1
0 4822
1
0 3212
1
1
1
0 8652
1
0 8070
1
0 628
1
0 2587
1
0 7386
0 5887
1
0 9587
1
0 7771
1
0 8946
0 86
1
0 3376
0 1926
1
0 4741
1
0 4619
0 3717
1
1
0 1279
0 4976
1
0 4992
1
0 1995
0 3452
1
0 7171
1
1
1
1
0 8719
0 9754
1
0 219
0 6338
0 3765
0 5860
0 8466
0 1267
0 2181
0 2861
1
0 2665
0 3186
1
0 576
1
1
0 5347
0 7091
1
1
0 9591
0 7600
0 6924
1
1
1
0 5077
0 2830
0 692
0 2814
0 2150
1
0 2937
0 6174
0 266
0 7122
1
0 5351
0 2625
1
0 2334
1
0 6144
1
0 1221
0 4617
1
1
1
1
0 6478
0 2715
1
1
0 7569
1
1
1
1
1
0 9173
0 6313
1
0 5859
1
0 795
0 4824
1
1
0 3374
0 7095
1
0 1990
0 967
1
1
0 4257
1
0 2409
1
1
0 6183
0 5729
1
1
0 893
0 8084
1
0 9773
0 1288
1
1
1
0 5709
0 1013
0 6999
1
1
0 8187
1
1
0 125
0 4564
1
1
1
1
0 6119
1
0 4032
0 492
1
0 563
1
0 6272
0 6982
0 6298
1
1
1
0 1878
1
1
0 5607
1
0 6513
1
0 4665
0 1438
1
0 5219
0 8798
0 2294
1
1
1
1
1
0 6604
1
0 220
0 4631
1
0 2986
1
0 3548
0 6279
0 4406
1
0 9293
0 6691
1
0 4186
1
1
1
1
1
1
0 5916
1
0 2489
0 7742
0 4390
0 633
0 4277
0 6326
1
0 2050
1
1
0 8825
1
0 9363
1
0 3365
1
0 4165
1
0 999
0 1382
1
0 5140
1
1
0 9375
0 6148
0 5292
1
0 7426
1
1
0 103
0 1966
0 7326
0 6932
0 9496
1
0 495
0 579
0 4502
0 7465
0 7845
1
1
0 8893
1
0 9348
1
1
1
0 6383
1
0 7606
1
1
1
1
1
1
0 3853
0 4826
1
1
1
0 3533
0 8999
0 5088
1
1
1
1
1
1
0 3730
0 4771
0 2985
0 6124
1
0 9482
1
1
1
1
0 1678
1
0 7486
0 7986
0 9872
1
1
1
1
1
0 2082
0 5729
0 1852
1
0 4074
1
0 1345
0 4791
1
0 3083
0 1315
0 8804
0 1500
1
0 1373
1
0 3503
0 7507
1
0 4589
0 7903
0 5574
1
0 6040
0 8213
0 3816
0 5626
1
1
1
0 5442
0 2102
1
1
0 1152
0 3330
0 4427
0 3601
1
1
1
0 1990
1
0 8031
0 6890
1
0 7967
0 5003
0 6589
0 2751
1
0 1335
0 3886
0 4746
1
0 9173
0 5600
0 8818
1
0 808
1
1
0 301
1
1
1
0 8859
1
1
1
0 2649
1
1
1
0 3310
0 2114
1
1
0 5632
1
0 802
1
1
1
1
1
1
0 7238
1
1
0 1225
1
0 3025
0 2374
0 5851
1
0 5513
0 2047
0 6708
1
0 3482
0 1529
0 5807
1
0 8423
1
0 5661
1
0 1840
0 5091
0 9262
1
0 1827
0 3001
1
1
0 159
0 1595
1
0 1429
0 9290
1
0 8782
1
1
1
0 3366
1
1
1
0 1411
1
0 9281
0 6471
1
0 4583
1
1
0 1973
0 7293
1
1
1
0 3935
0 4159
0 8696
1
1
1
1
1
1
1
0 3096
0 1858
1
1
1
0 9460
1
0 555
0 7948
1
1
1
1
0 1619
1
1
1
1
1
1
1
0 186
1
0 9115
0 1644
0 6297
0 8537
1
0 7393
0 2888
0 8575
1
0 6259
1
1
0 5308
1
0 9962
0 130
1
1
1
0 6753
1
1
0 3109
0 1270
0 435
0 1744
1
0 6319
0 9931
1
1
1
1
0 7294
0 3941
0 4924
0 6639
1
0 6358
0 2875
1
1
0 1663
0 336
1
1
1
1
1
1
0 3941
1
1
0 5917
0 9574
1
1
0 4432
0 6174
1
0 2533
0 3968
0 4353
0 6411
1
0 1213
0 1426
1
0 6178
0 4682
1
0 610
0 5375
1
0 8953
0 7653
0 2245
0 4048
1
1
1
1
1
1
0 7558
0 3502
0 1445
1
1
0 5864
0 1772
0 3027
0 6976
0 5059
1
1
1
0 4231
1
0 5362
1
0 1240
1
0 9881
0 7051
0 4718
1
1
0 2472
1
1
1
0 5193
0 3814
1
1
1
1
0 7685
0 2497
1
0 9725
0 279
1
0 160
0 6466
1
0 1314
1
1
1
1
1
1
0 6611
1
0 7719
1
0 4461
0 8936
0 8770
1
1
1
1
1
1
0 7618
0 3227
1
1
0 3134
0 7384
1
0 4470
1
0 342
0 4974
0 6331
1
1
0 7575
0 6582
0 6303
1
0 6451
0 9830
1
1
1
1
0 9535
0 4897
0 8521
1
0 5776
1
0 7102
0 4860
1
1
0 6817
0 9413
0 3860
0 3782
0 382
1
0 4298
0 7643
1
1
0 6709
0 394
0 2875
1
1
1
1
0 8968
0 715
0 9332
1
0 7255
1
1
1
0 1289
1
1
0 7367
1
0 9619
0 6813
0 6753
1
1
0 4086
1
0 5052
1
1
0 6795
0 392
1
1
1
0 4448
1
1
0 866
0 5522
1
0 5142
0 4468
0 8464
1
0 443
0 4839
0 1905
0 6165
1
1
1
1
0 5731
0 8962
0 2725
1
1
0 9421
0 5296
1
0 7007
1
1
1
0 1053
0 1164
1
1
0 2079
1
0 1413
1
1
1
0 211
1
0 2936
1
0 2879
1
1
0 5142
0 5183
0 1199
0 3702
1
1
1
1
0 4287
0 421
1
0 9573
1
0 809
0 3520
1
0 2164
0 677
1
1
1
0 3593
0 1116
0 3746
1
0 9373
1
1
1
0 821
0 4407
1
1
1
1
0 7567
1
0 5365
1
0 2394
0 8007
1
1
1
1
1
0 4436
1
0 161
1
0 9475
0 4858
1
1
0 4871
1
0 7692
1
0 2738
0 2117
0 7801
1
1
0 6656
1
0 5432
1
1
1
0 3391
1
1
0 369
1
0 3786
0 3300
1
1
0 6302
0 83
0 7501
1
1
0 2068
1
1
1
0 3994
1
0 9373
0 3029
0 5717
1
0 1922
0 1241
0 7626
0 4414
0 156
0 5054
0 2
1
1
1
1
1
1
1
0 8112
0 7739
0 7940
1
0 3658
1
1
1
0 9619
0 4967
1
0 9938
1
0 4992
1
0 5294
1
0 7664
1
0 3227
0 3840
1
1
0 1088
1
1
1
1
1
1
1
0 5814
0 9126
0 7604
1
1
1
1
1
0 8638
0 8259
1
0 1486
1
0 4634
1
1
0 1301
0 469
0 7661
1
0 6963
1
0 2441
0 1921
0 444
0 7908
1
1
1
0 3372
0 7442
1
0 6439
0 6321
1
1
1
0 8389
1
1
0 3635
0 7555
1
1
0 6225
1
0 7095
1
0 8559
1
1
0 485
0 9494
1
1
0 4168
1
0 8142
0 8000
1
1
1
1
0 3797
1
1
1
1
1
0 6387
1
1
1
1
0 3230
1
1
1
1
1
0 3430
0 378
0 3934
1
0 2468
1
0 3072
1
1
1
1
1
1
1
0 8832
1
0 6114
0 2383
1
0 7811
0 9716
1
0 6575
1
1
0 39
1
1
0 3013
1
0 5189
1
1
0 2522
1
1
1
1
1
1
1
0 7703
0 6565
1
0 1495
0 8248
1
1
1
0 9476
1
1
0 5898
1
0 8246
1
1
1
1
0 8474
1
0 8646
1
1
0 5990
0 3549
0 145
0 2264
0 5601
1
1
0 7222
1
1
1
1
0 7718
1
1
1
1
0 9664
0 2578
1
0 8310
1
0 608
0 4713
0 8238
0 4054
0 3407
1
1
0 308
0 6453
0 7136
0 3763
1
0 7172
0 1377
0 9359
0 9850
1
0 548
1
0 5261
0 2555
1
0 2747
0 2691
0 5330
0 7202
0 1166
0 8658
1
0 4019
1
0 5396
0 5310
0 6151
1
0 3051
1
1
1
0 8063
1
1
1
0 4177
1
0 9881
1
1
0 3071
1
0 8593
0 7135
1
0 3436
1
0 9588
0 1176
0 5853
1
1
0 4747
1
0 1910
1
0 7088
0 7096
1
1
0 5244
1
0 189
1
1
0 3113
0 9995
1
0 1886
1
1
1
1
1
0 8410
0 5032
1
0 8599
1
1
0 5932
1
0 7528
0 6072
0 2147
1
1
1
0 5150
0 2526
1
0 1207
1
1
0 9475
1
1
1
1
0 3107
1
1
0 9182
1
1
0 2667
1
1
1
1
0 6427
1
0 7490
1
0 1883
0 8306
0 6029
0 53
0 4993
0 2763
0 6441
0 5960
1
0 4010
0 8483
1
0 9649
1
1
1
1
0 9918
0 3665
1
1
0 5389
0 2456
0 1411
1
1
1
0 7780
0 4215
1
1
0 2091
0 9061
1
0 3107
0 7633
1
1
1
0 9817
1
0 4492
0 9393
0 9242
1
0 581
1
1
0 8939
0 8117
0 502
1
0 5915
1
1
1
0 7109
1
1
0 1391
0 6719
0 4598
0 8402
0 9761
1
1
1
1
1
0 4883
0 9524
1
0 6084
0 8110
0 993
1
1
0 2061
1
1
1
1
1
0 9682
0 7215
0 8820
0 5287
0 5069
0 570
1
1
0 3551
0 2531
1
0 3086
1
0 7777
0 5894
0 8689
0 7839
0 864
0 2640
1
1
0 3557
0 6976
0 7796
1
0 1488
0 1186
0 2877
0 1372
0 5021
1
1
1
1
1
0 3151
0 6865
1
0 9505
1
0 7318
0 7221
1
1
0 4545
1
1
1
1
0 4119
0 7958
0 2490
1
0 7084
1
0 6720
1
0 9937
1
1
1
1
0 3113
0 6788
0 3334
1
1
1
1
0 5520
0 3666
1
0 101
1
0 9333
0 5692
1
0 9460
0 5574
1
0 1368
1
0 833
0 4087
0 2215
0 2897
0 5965
1
1
0 2463
1
1
1
1
1
0 8485
1
1
1
1
0 6048
1
0 3769
1
1
1
0 1071
0 3747
0 4797
1
1
0 7718
0 6056
1
1
0 5023
1
1
1
1
1
0 9634
1
0 3400
0 6504
1
0 7459
0 5282
1
1
0 4155
0 3290
0 8371
0 157
1
0 5130
0 2149
0 8709
0 7589
1
0 5131
1
0 2358
1
0 6569
0 7335
1
1
0 5859
0 2020
0 9710
1
0 9868
1
1
1
0 6242
0 7184
0 9997
0 1807
1
0 2806
0 6293
1
1
0 9895
1
0 1262
1
1
0 6325
0 6379
1
0 3301
0 6381
1
0 8789
1
1
1
0 9723
1
1
1
0 8548
1
1
0 7689
1
1
0 3006
1
1
1
0 1317
1
1
1
0 8808
1
1
0 8059
0 2735
1
1
0 8207
1
0 6755
1
0 3692
0 2859
1
0 2218
1
0 7902
1
0 6960
1
0 3486
1
1
1
0 8279
0 5314
0 6098
1
1
1
0 5545
0 5156
0 5996
0 6061
0 6585
1
0 4487
1
1
1
1
0 1286
0 7513
1
1
1
1
0 6376
1
0 5166
1
1
1
0 8572
0 992
0 5067
0 9525
0 6904
1
0 9428
1
0 6722
1
1
0 7161
0 6380
0 2874
1
0 1811
1
0 8875
1
0 3799
1
0 6738
0 532
0 5596
0 2980
0 3217
1
1
0 3299
0 3231
1
1
0 7203
1
0 5978
0 5697
0 5018
1
1
0 84
0 8259
0 7534
0 3795
0 207
1
1
0 828
1
1
0 6767
1
0 2730
0 4063
0 7347
1
1
0 1576
1
0 6745
1
0 5005
0 2523
1
1
1
0 9166
1
1
0 7330
0 7324
0 5311
1
0 6681
0 3684
1
1
0 7367
1
0 1707
1
1
1
0 1489
0 5941
1
0 4732
1
0 1226
0 6894
0 1404
0 4035
1
0 716
0 559
1
0 6798
1
1
1
0 4272
1
0 4333
0 8790
1
0 911
1
1
1
1
0 3720
1
0 7416
0 7975
0 8763
0 4850
0 220
0 8323
1
0 4846
1
0 8065
0 958
0 75
1
1
0 4938
0 6722
0 1017
1
0 8433
0 7836
1
1
0 3927
0 1020
1
0 3160
0 3277
0 8486
0 5726
1
1
1
1
0 6291
1
1
0 4690
0 3747
0 8121
1
0 845
1
0 1124
1
0 9404
0 71
0 1888
1
0 3231
0 5300
1
0 8354
0 9224
0 4177
1
0 3864
0 4644
0 7570
0 9183
1
1
0 4174
0 9712
0 2609
0 4674
0 233
0 5736
0 4743
0 239
1
1
1
0 2836
0 996
0 1323
0 9095
0 2164
1
0 8824
1
0 8536
1
1
0 3780
0 9498
0 1582
0 9133
0 1623
0 849
0 9219
0 7593
0 1563
1
1
1
0 1713
1
0 537
0 1292
0 2823
1
1
0 5321
0 7344
0 1924
0 6211
0 4917
1
0 4136
1
1
0 8661
1
0 9319
1
1
1
0 5205
0 9715
1
1
0 8025
0 7216
1
0 6824
1
0 3035
1
1
0 259
1
0 5017
0 2206
0 3560
1
0 8229
1
1
1
0 5887
0 7211
1
1
1
0 9712
0 8175
1
1
1
1
1
0 6259
1
0 1276
0 6113
1
1
0 4069
0 345
1
0 2540
0 4076
0 3912
1
0 1615
1
0 9790
0 1241
1
0 7410
0 2805
1
1
0 5564
1
0 4856
0 823
0 4775
0 2388
0 3546
0 3419
1
0 1056
0 6622
0 1567
0 9489
0 1008
0 2985
0 3083
0 4247
0 2339
1
0 417
0 4936
1
1
0 8859
0 142
1
0 8181
0 4727
0 7934
1
1
0 7918
0 7026
0 9496
1
1
0 1461
1
1
0 8265
0 8957
0 272
1
1
0 2776
0 1416
1
1
0 4817
1
1
1
1
1
0 2074
0 1967
1
0 2063
1
0 9511
0 1936
1
1
0 8110
0 6766
0 1091
0 7994
0 7403
0 9571
0 1983
0 3723
0 1534
1
1
0 7038
1
1
1
0 7779
0 6790
1
1
0 80
0 8005
1
1
1
1
1
0 1493
0 4501
0 4938
1
1
1
1
0 6325
0 4117
1
0 8970
0 3617
1
0 9409
1
1
1
0 7434
1
1
1
1
0 9931
0 106
1
0 4683
0 7711
0 7568
0 5174
0 8631
1
0 1004
0 2768
1
1
1
1
1
0 7206
1
0 5644
0 159
0 9720
0 5336
1
1
0 8671
1
0 2708
1
1
0 6564
0 8696
0 4405
1
0 525
1
0 8003
1
1
1
1
0 9067
0 5441
0 6633
0 633
1
0 3343
0 4133
1
0 1825
1
0 521
1
1
0 1685
1
0 1939
0 2107
0 6713
0 6314
0 2774
0 1466
1
0 8451
1
1
0 7318
0 9375
0 1892
0 14
0 9229
0 3330
0 6389
0 9206
1
1
0 907
0 6113
1
1
1
1
1
0 9310
1
0 7457
1
0 3184
1
0 3055
1
0 2285
0 2367
1
1
0 5110
1
0 4909
1
0 1022
1
0 1594
0 1317
1
0 9269
0 8228
1
1
1
1
1
0 3494
0 9456
1
1
1
1
0 470
0 539
0 8947
1
0 5901
0 700
1
1
1
0 9917
0 2713
0 5730
0 1171
1
0 4666
0 7105
1
0 8818
1
0 9288
0 5674
1
1
1
0 1548
0 7177
1
0 8201
1
1
0 2461
1
0 5643
0 8367
1
0 2170
0 7349
0 5567
1
1
1
0 7232
1
1
1
0 6558
0 5883
1
1
1
1
0 1001
1
0 7296
0 3186
0 5669
1
0 8770
0 6961
1
0 8519
1
0 5752
1
0 3206
0 9953
1
1
0 2958
0 6046
0 2856
1
1
0 5157
0 8520
1
0 9058
1
1
0 286
1
1
1
0 2994
1
1
0 1846
0 3711
1
1
0 5119
1
0 4328
1
0 833
0 310
0 9149
0 4763
1
1
1
1
1
0 3921
0 1019
0 9429
1
0 2940
0 8046
1
0 9517
0 5500
0 1777
0 4678
0 6970
1
1
0 5147
1
0 2282
0 2373
0 6
1
1
0 377
0 1371
0 4886
0 4246
0 8934
0 7043
1
1
0 162
0 7025
1
1
1
1
1
1
1
0 1503
0 7129
1
0 71
0 9916
1
0 4803
0 6745
1
0 2306
1
0 3292
0 8144
1
1
1
1
1
1
1
1
1
1
1
0 5417
1
0 5488
0 3689
1
1
1
0 4445
0 5695
0 7285
1
1
1
1
1
1
0 902
1
0 5714
0 1720
1
0 475
1
0 7896
1
1
1
0 7745
1
1
1
0 3435
1
1
1
1
1
1
1
1
0 9720
0 6099
1
1
0 9437
0 8294
0 4356
0 3765
1
0 4660
0 5967
0 7040
0 5836
1
0 9300
1
1
0 2842
1
1
1
0 2831
1
0 7002
0 9182
0 5346
1
1
1
0 1025
1
1
1
0 6180
0 4714
1
0 4014
1
0 8599
1
0 5332
1
0 4515
0 4202
1
1
0 3167
0 9627
0 8647
1
1
0 5763
1
0 8295
1
0 3162
0 6377
1
1
0 7433
0 3013
0 8890
1
1
0 5398
0 9182
0 6798
0 2276
0 5432
1
1
0 1445
0 5842
0 4228
1
1
1
0 6394
0 4842
0 1300
0 5994
1
1
0 579
0 4621
1
0 9782
0 9966
1
0 534
0 8934
1
1
0 6628
1
0 3586
0 6673
0 2563
0 3173
0 6123
1
0 7914
0 4612
0 781
0 8669
1
0 3884
1
0 2997
1
0 7953
1
1
1
0 8600
0 9085
1
0 9214
0 9444
0 4705
0 9603
1
0 8490
1
1
0 8382
0 7395
1
1
0 4813
1
1
0 5858
1
1
1
1
0 1284
0 359
1
0 2048
0 4096
0 5036
0 6493
1
0 5
1
1
1
0 7570
0 5190
1
1
0 4272
1
0 5083
1
0 2719
0 5700
0 3194
0 9049
1
1
0 7739
1
0 4618
0 2195
1
0 2572
0 6501
1
0 1697
0 6340
0 3149
0 1434
1
1
0 4190
1
1
0 6251
1
1
1
1
1
0 7820
0 4184
0 6304
0 8500
0 3575
0 854
0 6907
1
1
1
1
1
0 3475
1
0 8943
1
1
1
1
1
1
1
0 9076
0 4195
0 2645
1
0 1803
1
0 2657
0 8954
0 1791
0 6331
0 5166
0 7021
0 5102
0 2527
1
0 4197
1
0 7856
0 8506
0 116
1
1
1
0 9292
0 1964
0 2597
1
1
1
0 9507
1
1
1
0 1039
1
1
0 9029
0 4960
0 2581
0 2405
0 8565
0 3045
0 2864
0 3804
0 7742
1
0 4938
1
1
0 5797
0 7325
1
1
0 4327
0 8315
1
0 5862
1
1
0 5323
1
0 4720
0 7393
0 9628
1
0 2382
0 6089
1
1
1
0 4299
0 6374
0 7145
0 6662
1
0 6254
1
0 646
0 2118
1
1
1
1
1
0 9056
1
1
1
1
0 8216
1
0 792
0 1289
1
1
1
0 4702
1
1
1
1
1
0 2917
1
0 6092
0 43
1
1
0 8506
0 9593
1
1
1
1
1
1
0 8985
1
0 3771
0 368
0 3015
1
0 135
0 262
1
0 2706
0 5346
1
0 7150
0 3962
0 6835
0 905
1
0 9507
0 7614
0 5391
0 4318
0 8106
1
0 5451
0 4475
0 5899
1
1
1
1
1
1
1
0 7904
1
0 8837
0 9059
1
0 8784
1
1
0 9169
0 6286
0 8119
1
1
1
0 7496
1
0 2268
1
0 9110
1
1
1
0 5800
0 7986
0 2548
0 4210
1
0 4325
1
0 5110
1
1
0 3276
0 7873
0 8017
0 3208
0 3016
1
0 7908
1
0 705
1
1
1
0 1018
0 9288
0 2790
0 9619
0 5075
0 9344
1
1
0 2529
0 7882
0 3484
0 3963
1
1
0 5698
1
0 5996
1
0 1073
0 3526
0 6144
1
1
0 570
0 2584
1
0 2682
0 1643
1
0 8942
1
1
0 346
1
1
1
1
0 8392
0 3086
0 5206
1
0 1350
0 2857
0 6203
0 2401
0 76
1
1
0 8042
0 7013
1
0 6270
1
0 3751
1
1
1
1
0 5951
0 1425
0 318
0 4548
1
1
0 491
0 9572
0 77
1
0 4471
0 2004
0 3690
0 1897
1
1
0 1144
1
0 3715
0 6993
1
0 3663
0 7009
0 6859
0 34
1
0 3306
1
1
0 5457
0 6653
0 8094
1
1
1
1
1
1
0 2751
0 3502
1
0 2315
1
1
0 9303
0 9790
1
0 3475
1
0 8037
0 4669
0 6650
1
0 635
1
0 2997
1
0 2954
1
1
0 4954
0 5124
1
0 801
1
1
0 6060
0 419
1
0 8456
0 6594
0 4407
1
1
1
1
0 8040
0 4926
1
0 40
0 7211
0 1632
1
1
0 8648
1
0 4708
1
1
1
0 4604
0 7885
1
1
0 5990
0 2613
1
0 9660
1
0 8269
0 4273
0 2222
0 3759
0 1042
0 1039
0 7115
0 2919
0 8048
1
1
0 5730
1
1
1
0 220
1
1
1
0 5948
1
1
0 9983
1
1
1
0 9872
0 1585
1
1
1
0 5551
0 3439
0 8676
0 6151
0 7242
0 2855
1
0 9087
0 749
0 1867
1
1
1
1
1
0 6025
0 2860
0 5783
0 8584
1
1
1
0 8974
0 9197
0 1139
1
1
1
0 3552
0 4071
0 2163
0 7066
0 3898
1
1
0 6900
0 8944
0 5528
1
1
1
1
0 4800
1
1
1
0 7484
1
0 4454
1
0 8525
1
1
1
1
0 168
1
0 6443
1
1
0 7062
1
1
1
1
1
0 4249
1
1
0 5916
1
0 2869
1
1
1
0 9288
1
1
1
0 4826
1
0 7622
0 4643
0 6841
1
0 625
1
1
1
0 2424
1
1
1
0 3212
1
0 8228
1
0 3868
0 2305
1
1
0 8950
0 1105
0 5647
0 1922
0 9096
0 7979
1
1
0 1675
1
0 6367
0 1185
0 6537
0 7962
1
0 7877
0 6831
0 2676
1
0 134
0 3574
0 2786
0 6049
0 8170
1
0 817
0 3586
0 3342
0 6328
1
1
1
1
1
0 5815
0 1263
1
1
0 9721
1
1
0 6893
1
1
1
1
0 8242
0 5178
0 9783
0 4912
0 298
1
0 8744
1
1
0 8641
0 790
0 5623
0 157
0 4800
1
1
1
0 8103
1
1
0 2184
1
0 8319
1
0 5318
1
0 9718
1
0 2054
0 5534
0 1568
0 9847
0 8830
1
0 4987
0 4162
1
1
1
1
0 8684
1
1
1
1
0 2322
1
1
1
1
0 6798
1
0 4670
1
0 869
0 8815
0 9605
1
1
0 7488
1
0 5178
1
1
0 4294
1
0 5464
1
1
1
0 4610
1
0 928
0 7195
1
1
1
1
1
1
0 5800
1
1
0 4831
0 8467
0 4103
1
0 6411
1
0 3746
1
1
0 9794
1
1
0 7269
1
0 7748
1
0 9746
1
1
1
0 7050
0 5740
1
0 9227
0 9581
1
0 6639
1
0 1823
1
1
1
1
1
0 949
1
1
0 7091
1
0 1397
1
1
1
0 8233
1
0 4592
0 5116
1
1
0 7165
1
1
0 9552
1
0 9584
0 9300
0 1519
1
0 8610
1
1
1
0 6128
1
1
1
0 2733
1
1
0 9480
1
0 6646
1
0 5635
1
1
1
1
0 1894
1
1
1
0 6365
0 1827
0 9772
1
0 6398
1
1
0 3976
0 9684
0 7399
0 6455
1
0 2090
1
0 4684
0 2354
1
0 108
1
1
0 2109
0 5550
0 3791
1
0 2461
1
1
1
0 3447
0 5225
1
1
0 2145
1
0 4616
1
1
1
1
0 9783
1
0 2608
1
0 8159
0 7532
0 1495
1
0 5257
1
0 5056
0 6718
0 789
0 7776
0 2072
0 6817
0 8419
0 2716
1
0 6974
0 9781
0 5322
0 4599
0 4492
0 3146
0 6433
0 1158
1
0 6789
0 7840
0 9946
0 6014
0 6028
1
1
1
1
1
1
0 5975
0 1473
1
0 952
1
1
0 5918
1
1
1
1
1
0 6354
1
1
1
0 9853
1
0 639
1
1
0 652
1
0 6628
1
1
1
0 909
0 8473
1
0 4997
1
0 6042
1
1
1
0 7874
1
1
0 816
1
1
0 3168
1
0 5972
0 8907
1
0 7212
0 2750
0 3827
1
1
1
0 3191
1
0 3579
1
1
0 5015
0 8237
0 6101
0 7458
0 2709
1
0 4594
0 2212
1
0 7565
1
1
1
0 5970
0 2914
0 7787
0 9092
1
1
1
0 9615
0 1304
1
1
0 7689
1
0 5634
1
1
1
1
1
1
0 1362
1
1
0 9725
1
1
0 9825
0 5267
0 7893
1
1
1
1
1
1
0 7849
1
1
1
0 4567
1
0 5683
1
1
0 5307
1
1
1
1
0 5249
1
1
1
0 8817
1
1
0 9653
1
0 6812
1
1
0 8264
0 3392
1
1
0 4449
0 2472
1
0 3203
1
1
1
1
1
1
1
0 9225
0 5435
1
1
1
0 6388
1
0 1565
1
1
0 5004
0 384
0 7308
0 8265
0 2412
1
0 8248
1
0 8656
1
0 4233
0 2230
0 5721
1
1
1
1
1
0 2688
1
0 4045
0 8073
1
0 7282
1
0 6046
1
1
1
1
1
1
1
0 9887
1
0 4246
0 1542
0 7037
1
0 3417
0 5757
1
1
0 5531
1
1
1
1
0 5212
1
1
0 2344
1
0 2701
0 7753
0 9884
0 4130
1
1
1
0 2057
0 6220
0 8395
1
1
1
1
1
1
0 826
0 4189
1
1
1
1
0 1939
0 6134
1
0 4486
1
1
1
1
0 7406
0 8311
0 4828
0 3581
0 9839
0 8199
1
0 6504
1
0 3372
1
0 1754
0 328
1
0 5338
1
0 8126
0 2152
0 1481
0 8528
1
1
0 9339
0 212
1
1
0 1344
0 5095
0 2949
0 509
0 4582
0 8944
0 2527
1
1
0 5393
1
1
1
1
1
1
1
0 4675
0 9040
1
0 7775
1
1
1
0 2652
0 1290
0 849
1
0 6814
0 322
1
0 2067
0 5235
1
0 3690
1
0 2517
1
1
0 9438
0 5684
1
1
1
0 6446
0 6986
0 5670
1
0 8836
0 5831
0 4486
1
1
1
1
0 9764
0 2236
0 889
1
0 327
0 5875
0 7735
1
1
0 8307
1
0 3978
1
1
1
1
0 141
1
0 3435
1
1
1
1
0 7346
1
1
1
0 5325
1
1
1
0 132
1
0 8440
0 1854
1
0 4402
1
0 2781
1
1
1
0 5430
1
1
0 8045
1
0 6691
0 8728
1
0 1726
1
1
0 5845
0 6651
1
0 5421
0 4825
0 503
1
0 6455
0 8357
0 6009
0 9262
0 4359
0 3450
1
0 1819
0 4026
0 514
0 9302
0 8888
1
0 661
1
1
1
0 995
1
1
1
0 2187
0 6904
1
1
0 5021
0 1254
0 1106
0 1347
0 8527
1
1
0 8824
1
1
0 7190
1
0 4685
0 7069
0 4569
1
0 3647
1
0 9483
1
1
1
1
0 9876
0 5018
1
0 4954
1
1
1
1
1
0 8399
1
0 3084
1
1
1
0 8237
0 4372
0 6576
1
0 6574
1
0 246
0 1543
1
0 9202
0 657
1
0 1865
1
0 264
1
1
0 4022
1
0 8396
0 9372
1
0 5948
1
1
1
0 3684
1
1
0 3441
0 781
1
1
0 2121
0 225
1
1
0 4098
0 8466
0 2478
1
1
1
1
0 4150
0 2580
1
1
1
0 5244
0 4642
0 1328
1
0 9285
0 5074
1
1
1
0 3776
0 5123
0 9965
0 6812
0 7024
0 8669
0 3403
1
0 2371
0 5661
1
0 9474
1
0 9809
0 9782
0 9393
1
1
0 5941
0 4822
1
0 9512
1
1
1
1
1
0 6111
1
1
0 4657
0 5049
1
0 9296
0 8696
0 1335
0 4925
1
0 976
0 9103
1
0 574
1
1
1
1
1
1
0 9809
1
0 8292
0 5642
1
0 8177
1
1
0 4521
1
0 9446
1
1
1
0 2561
0 1124
0 587
1
1
1
1
1
0 1974
0 9253
1
1
0 9960
1
0 1654
1
1
1
1
0 1974
1
1
0 2937
0 7674
1
0 8261
1
0 6103
0 3699
0 9371
1
1
0 7405
0 2302
0 9052
1
0 1703
1
1
1
0 4486
1
1
1
1
1
1
0 5847
1
1
0 467
0 1078
1
1
1
1
0 9085
1
1
1
1
0 6193
0 5481
0 9734
1
1
1
1
1
1
1
0 6727
1
0 8678
1
1
1
1
1
1
1
0 1004
1
0 5494
0 9831
0 5798
1
1
1
1
1
1
1
1
1
1
0 6433
0 7030
1
0 8513
1
0 6703
0 332
0 495
1
1
0 7291
0 4028
0 8420
1
0 2756
0 3799
0 931
0 8611
0 6291
1
0 4107
0 2880
0 835
1
1
0 7647
0 287
0 358
0 4975
1
1
0 2861
1
0 2614
0 6044
0 2003
1
1
1
1
1
0 6856
1
1
0 4066
0 1562
0 2324
0 6285
0 5780
1
0 9153
0 6282
0 6214
1
1
0 8794
0 9619
1
0 721
1
1
0 9409
0 1620
0 2490
1
0 4814
1
1
0 9868
1
0 5373
0 3553
1
0 8802
0 6678
1
1
0 9976
1
0 1255
1
1
1
0 5273
0 6993
0 2032
1
0 9858
0 5116
1
1
0 7149
1
1
0 1636
0 1895
1
0 4545
1
0 4268
0 4934
1
0 3085
0 4323
0 4353
0 4591
1
1
1
1
1
0 1558
1
0 1272
0 3055
0 7532
0 5306
0 6903
1
0 71
1
1
1
0 163
0 7426
1
0 8369
0 6203
1
0 3121
0 6743
0 1326
0 2826
0 7870
0 2076
0 5140
0 6153
1
1
0 4808
0 1410
0 3882
0 5840
0 3558
0 7370
1
1
1
0 8238
0 8817
0 3212
1
1
0 1626
0 8711
1
1
0 6008
0 4061
0 7983
0 9196
1
0 6715
0 238
1
0 1732
1
0 6322
0 4272
1
0 175
1
1
0 5761
1
0 8271
0 4768
1
0 6433
0 4566
0 6000
0 2345
0 8733
0 9750
0 65
0 9492
1
1
1
1
0 4176
1
1
0 8928
1
1
1
1
1
0 3175
0 7795
0 4583
1
1
1
0 6637
0 4544
1
1
1
1
1
1
1
0 5688
0 6376
0 6797
1
0 4493
1
0 7722
0 4525
0 7072
1
0 926
0 2238
0 5248
0 3321
1
0 6812
0 8684
1
1
1
0 5028
1
0 7026
0 4426
1
0 2149
1
1
1
1
1
1
0 9701
1
1
0 3903
1
1
0 7842
0 2463
1
0 6835
1
1
0 3473
1
0 4251
0 6662
1
0 5424
0 7685
1
0 8774
1
0 3779
0 9029
0 4877
1
0 5540
0 5759
1
1
0 6496
1
1
1
0 9728
0 6139
1
1
0 9251
1
0 7256
1
0 6030
0 7559
0 2982
1
0 5633
0 3138
0 9185
1
1
0 5944
0 9899
0 8601
0 5208
0 2837
0 6685
0 4333
0 148
1
0 8321
0 1382
1
1
0 3289
0 5091
1
1
1
0 5841
1
1
1
1
0 9699
1
1
0 2738
0 7346
0 6317
1
0 2640
1
0 375
1
0 5976
0 1088
1
1
1
1
0 3441
1
0 5533
1
1
0 6169
1
1
0 8206
1
1
0 1667
0 3515
0 2222
1
0 8687
0 5828
0 3639
1
0 4099
0 4464
0 2198
1
1
1
0 8971
0 8409
1
0 6229
1
1
1
0 6173
0 242
1
1
0 6283
0 8705
1
0 6080
0 3271
0 6620
0 3247
1
1
1
0 441
0 1679
1
1
0 1234
0 1667
0 856
0 3823
0 7190
1
1
0 6380
0 8328
0 6268
0 9726
1
1
1
1
1
1
0 5597
0 3027
0 8277
0 7838
1
1
0 4557
1
1
0 7358
1
0 91
0 5027
1
1
1
1
1
1
0 5406
1
0 9857
0 6002
1
1
0 9849
0 6927
0 38
1
0 6740
1
1
1
0 8923
0 1310
0 7475
1
1
0 5694
0 6981
1
1
1
0 8952
1
0 5936
0 7358
0 5553
1
1
1
1
1
1
1
0 7485
1
0 5957
0 8495
0 841
0 5280
1
0 1878
0 8884
1
0 4899
1
0 8610
1
1
1
1
1
0 9670
0 467
0 2454
0 3170
0 7875
0 4818
1
1
1
1
0 8328
0 4759
0 1807
1
0 9282
1
0 2310
0 6701
1
1
0 3685
0 1664
1
0 4834
0 426
0 8426
1
0 4876
1
1
0 400
0 1420
0 1702
0 7841
1
0 6503
0 5826
0 3127
1
0 3421
1
0 5972
0 7708
1
1
1
1
1
0 9332
1
1
1
1
1
0 4932
0 2484
1
1
0 7260
0 559
0 3651
1
1
0 2621
1
1
0 5234
0 6464
1
0 179
0 6367
0 8895
0 8143
0 881
1
0 4840
0 1363
1
1
1
0 9967
1
1
1
0 4188
0 3392
0 4026
1
0 2855
0 8416
1
1
1
1
0 7203
0 8978
1
0 193
0 2049
0 9215
0 2828
0 5297
1
1
0 1167
0 1612
0 5025
1
1
0 5634
0 3955
1
0 4641
0 9312
0 2432
1
1
0 7663
0 5293
1
0 7654
0 8865
0 8743
0 5544
0 4282
0 7573
0 1038
1
1
1
1
0 2339
1
0 5958
1
0 2474
0 859
0 1866
0 1352
0 5021
0 2600
1
1
1
0 7237
0 4397
1
1
0 2690
1
0 959
0 4527
1
0 5023
1
0 1597
0 5480
0 7414
1
1
0 9753
1
0 9060
1
0 2649
1
1
0 2066
0 315
1
1
1
0 4128
1
1
0 6958
0 748
0 5793
1
1
0 6252
0 5082
0 6419
1
0 8498
0 6935
1
1
0 1759
0 277
0 8709
1
0 7580
1
0 890
0 8091
1
1
0 1876
0 7612
0 3600
0 9458
1
1
1
1
1
1
1
0 1041
1
0 8753
0 4203
1
0 1286
0 1678
0 6027
1
1
1
1
0 8646
0 3987
0 8256
1
1
1
1
1
0 5086
0 2888
1
1
0 88
1
1
0 330
0 8905
0 2548
0 881
0 5841
0 8581
0 5256
0 2895
1
0 5459
1
0 7306
0 5370
0 8737
0 4540
0 9255
1
0 5937
1
1
1
1
1
1
0 9939
0 9769
1
0 1854
0 8398
0 9285
1
1
0 673
1
1
0 8597
0 4588
1
0 641
0 5861
1
1
1
1
1
0 5989
0 5366
1
1
1
0 532
0 30
0 5269
1
1
1
1
0 4957
0 374
1
0 7367
0 2218
0 7097
1
0 7073
1
0 4148
1
0 6283
0 4432
0 5178
0 8868
1
0 5243
1
0 7380
0 9101
1
0 1810
1
0 380
0 32
0 1571
1
0 1986
1
0 5673
0 6920
0 7057
0 920
0 8899
0 7520
0 3667
0 3824
1
0 1104
1
0 4039
1
0 423
0 4606
0 8370
1
1
1
0 1729
1
1
1
0 5995
1
1
1
1
0 7075
0 1576
0 8845
1
0 2030
0 8436
0 3494
0 9671
1
1
0 5216
1
1
0 1242
0 2084
1
1
1
1
1
1
1
1
1
1
0 9471
1
0 1501
0 3599
0 5005
1
1
0 6296
1
0 1900
1
0 9495
0 5683
0 4103
0 4907
1
0 35
1
0 3091
0 6068
0 8504
1
1
0 489
1
1
0 3133
1
0 3435
0 8372
1
1
0 9069
0 1573
1
1
0 2927
1
0 3173
0 1792
0 8063
0 3163
0 5104
1
0 9322
1
0 9837
0 5722
1
0 9108
1
0 8177
0 5136
0 6063
0 8060
0 7678
0 2387
1
0 450
0 2694
0 3928
0 709
1
0 2996
0 800
1
0 4190
1
0 7753
0 2976
0 192
1
1
1
0 6146
1
1
1
0 7732
1
0 9288
1
1
0 674
0 9345
1
1
0 7213
1
0 4827
0 4
0 8530
1
0 3350
1
0 9496
1
0 7816
0 2162