10000
0 36019
0 4499
0 44055
0 9411
0 49727
0 40349
0 15933
0 730
0 26699
0 174
0 1819
0 37131
0 24052
0 34550
0 18797
0 34640
0 32695
0 14864
0 41708
0 22608
0 25709
0 13931
0 3978
0 2652
0 15536
0 9321
0 28294
0 43079
0 18002
0 38446
0 12379
0 40510
0 46030
0 17006
0 16680
0 39732
0 19637
0 4257
0 25776
0 49420
0 31818
0 20291
0 47079
0 10332
0 1286
0 34191
0 25116
0 9461
0 39098
0 26183
0 10047
0 38782
0 15538
0 41594
0 47310
0 18645
0 9023
0 47614
0 11528
0 8017
0 11378
0 16002
0 26650
0 10181
0 31391
0 14686
0 45956
0 38684
0 16788
0 6525
0 23776
0 8701
0 43530
0 448
0 37327
0 26217
0 6223
0 17725
0 10496
0 11630
0 9955
0 5218
0 3141
0 5311
0 23230
0 44861
0 29846
0 9725
0 44169
0 1077
0 41559
0 9728
0 28458
0 40291
0 18954
0 13125
0 725
0 42308
0 48034
0 34804
0 12460
0 46512
0 16448
0 34795
0 19943
0 439
0 18409
0 49167
0 27435
0 31937
0 42812
0 9995
0 43820
0 46017
0 30523
0 39415
0 10821
0 34150
0 14877
0 47158
0 42857
0 24060
0 30872
0 49764
0 20780
0 3152
0 44233
0 6026
0 20288
0 41421
0 6403
0 13298
0 2702
0 33168
0 25080
0 40746
0 13838
0 9617
0 7341
0 31008
0 17499
0 15120
0 4889
0 43529
0 18460
0 37527
0 20546
0 9274
0 31928
0 14525
0 42552
0 22022
0 27059
0 23019
0 21339
0 35280
0 4374
0 27405
0 20898
0 15318
0 19208
0 30697
0 38861
0 21438
0 5802
0 27026
0 14271
0 26203
0 6783
0 11155
0 44791
0 5326
0 30651
0 45017
0 43943
0 5609
0 34461
0 46643
0 46626
0 9802
0 8828
0 6181
0 32999
0 39387
0 2374
0 17072
0 1701
0 23348
0 9209
0 15815
0 48540
0 39186
0 12593
0 42278
0 32980
0 43604
0 1382
0 17161
0 25044
0 9442
0 13308
0 25734
0 8618
0 26765
0 2109
0 30116
0 2456
0 36402
0 14595
0 8878
0 19120
0 30958
0 48661
0 19544
0 42935
0 29867
0 47275
0 42803
0 31286
0 32059
0 34844
0 45710
0 2185
0 36229
0 33159
0 16251
0 46475
0 49179
0 15952
0 40030
0 7958
0 33473
0 27853
0 3399
0 19486
0 17762
0 5794
0 34028
0 23079
0 21068
0 8894
0 45730
0 35094
0 45601
0 39034
0 37622
0 46096
0 20640
0 36262
0 24412
0 511
0 27570
0 46711
0 37423
0 28560
0 18159
0 1631
0 33251
0 17176
0 44201
0 8567
0 4330
0 42324
0 34484
0 35482
0 19406
0 6201
0 2046
0 3018
0 7089
0 40655
0 19197
0 36128
0 14081
0 40273
0 25179
0 23701
0 26432
0 21927
0 33014
0 15071
0 27351
0 22888
0 30563
0 14581
0 23440
0 33057
0 37093
0 6541
0 4071
0 17311
0 12148
0 22316
0 37350
0 21607
0 12404
0 14809
0 10541
0 40567
0 7986
0 48476
0 46582
0 25109
0 42232
0 4810
0 42740
0 2291
0 30512
0 11388
0 10869
0 23292
0 29258
0 3732
0 31177
0 23760
0 33906
0 35444
0 22581
0 48873
0 11469
0 29828
0 22094
0 16339
0 17658
0 5991
0 40826
0 46483
0 38039
0 5726
0 44605
0 6761
0 1598
0 5139
0 34787
0 49533
0 3345
0 25141
0 1775
0 16104
0 1075
0 46770
0 43591
0 23598
0 42073
0 28231
0 5048
0 28371
0 7348
0 38604
0 36527
0 14791
0 45249
0 18376
0 38065
0 44781
0 35793
0 42459
0 28041
0 222
0 510
0 23155
0 8399
0 49309
0 17977
0 36154
0 5350
0 46620
0 35863
0 33577
0 20027
0 38609
0 4423
0 8362
0 24921
0 30247
0 6540
0 37629
0 13049
0 41464
0 11149
0 43295
0 29673
0 32976
0 45101
0 38957
0 15952
0 38339
0 23479
0 46010
0 28132
0 44035
0 49808
0 16310
0 38453
0 34190
0 3226
0 36866
0 28309
0 34064
0 25329
0 6725
0 44183
0 25043
0 33482
0 39822
0 14758
0 18751
0 21904
0 40366
0 1757
0 7569
0 48791
0 27284
0 5399
0 41774
0 40834
0 17977
0 20844
0 19029
0 35290
0 46418
0 4367
0 15708
0 34395
0 15757
0 15132
0 6091
0 37628
0 39494
0 41359
0 29619
0 36127
0 35956
0 43576
0 48075
0 7876
0 49169
0 10155
0 3918
0 11601
0 22837
0 31004
0 27201
0 6070
0 33101
0 13304
0 35920
0 12551
0 5364
0 16185
0 40217
0 4600
0 13383
0 34729
0 28879
0 11438
0 21243
0 14221
0 33351
0 39270
0 34992
0 6062
0 19901
0 11228
0 11808
0 8120
0 40423
0 35203
0 23180
0 3272
0 15523
0 35388
0 40335
0 44731
0 39963
0 30957
0 21532
0 4061
0 8218
0 39420
0 41666
0 29154
0 34001
0 29767
0 42648
0 42309
0 20957
0 39311
0 18622
0 7792
0 27712
0 48205
0 41614
0 6599
0 1142
0 20242
0 25751
0 49435
0 11980
0 45437
0 24727
0 27297
0 4845
0 34777
0 12062
0 4508
0 7263
0 19493
0 1858
0 15046
0 37316
0 39569
0 7644
0 19690
0 22551
0 42283
0 16282
0 28587
0 43597
0 14324
0 14068
0 28012
0 19809
0 8379
0 21517
0 37172
0 1169
0 36390
0 26072
0 33329
0 31005
0 49293
0 23631
0 21614
0 19397
0 21656
0 27293
0 19917
0 39741
0 3167
0 2109
0 19565
0 11617
0 5821
0 43770
0 46917
0 23444
0 306
0 8427
0 462
0 7197
0 45736
0 28201
0 43166
0 39883
0 32446
0 32020
0 43570
0 12899
0 35554
0 21108
0 13869
0 44595
0 11464
0 34955
0 34426
0 40523
0 42386
0 36285
0 14408
0 6217
0 46663
0 8716
0 17084
0 6595
0 4040
0 32430
0 33465
0 12858
0 27323
0 19125
0 8548
0 3205
0 47333
0 28879
0 43209
0 21310
0 34674
0 6096
0 1963
0 4889
0 288
0 41595
0 42875
0 18238
0 17925
0 21442
0 28778
0 40804
0 33683
0 882
0 47399
0 48272
0 36748
0 39446
0 24485
0 37224
0 44475
0 10783
0 37733
0 42213
0 49301
0 44379
0 32401
0 17031
0 37961
0 27502
0 24596
0 34943
0 18385
0 17646
0 28649
0 43042
0 5930
0 43046
0 46726
0 1960
0 19139
0 21373
0 27275
0 21993
0 23512
0 13022
0 24939
0 47449
0 12974
0 32460
0 7763
0 6127
0 44056
0 22040
0 47001
0 12366
0 43048
0 29054
0 10849
0 35908
0 45059
0 34793
0 13584
0 9106
0 39247
0 26677
0 41470
0 133
0 46854
0 17419
0 2659
0 33340
0 1438
0 20500
0 34647
0 27891
0 49986
0 21977
0 15961
0 739
0 2994
0 22653
0 10274
0 24541
0 9555
0 10080
0 39073
0 37223
0 9897
0 7366
0 27805
0 1869
0 28290
0 24138
0 14017
0 44548
0 11541
0 26221
0 19602
0 20705
0 12814
0 49227
0 6513
0 33679
0 36072
0 29680
0 23928
0 46873
0 4355
0 14766
0 39263
0 29001
0 40563
0 29499
0 626
0 23221
0 9393
0 40038
0 23751
0 43925
0 7475
0 46893
0 30467
0 35822
0 32172
0 21862
0 46266
0 18231
0 10208
0 12223
0 44580
0 15948
0 43536
0 48997
0 14182
0 35996
0 9745
0 31684
0 27560
0 38775
0 28976
0 9881
0 3651
0 49447
0 10173
0 40699
0 14115
0 2544
0 34645
0 46977
0 39603
0 9120
0 7152
0 659
0 34394
0 26588
0 40792
0 44782
0 37146
0 4432
0 23348
0 11160
0 35838
0 37095
0 37658
0 33739
0 28116
0 9606
0 35685
0 45868
0 38420
0 23810
0 14525
0 14988
0 8711
0 32362
0 28916
0 21026
0 37295
0 5327
0 4211
0 49166
0 1791
0 40632
0 1105
0 18916
0 35001
0 39493
0 38123
0 16120
0 1058
0 43858
0 30830
0 48363
0 21995
0 15573
0 48123
0 36879
0 43079
0 38640
0 47071
0 37268
0 36085
0 15758
0 39958
0 13595
0 1355
0 26340
0 23612
0 47489
0 39195
0 43819
0 36815
0 26926
0 25385
0 36711
0 26068
0 20651
0 44171
0 35779
0 5246
0 41030
0 49826
0 25049
0 20771
0 14961
0 44984
0 1256
0 49698
0 33554
0 245
0 37184
0 28851
0 452
0 23010
0 11611
0 47597
0 26622
0 43915
0 9021
0 11976
0 18152
0 48078
0 10532
0 39133
0 31633
0 38172
0 15860
0 21869
0 37988
0 44963
0 32055
0 11933
0 34500
0 18037
0 39836
0 36252
0 46116
0 29151
0 41140
0 28142
0 19629
0 18253
0 48834
0 3730
0 24554
0 20170
0 47984
0 46178
0 13318
0 28867
0 49662
0 48300
0 40196
0 280
0 32917
0 42696
0 10505
0 13930
0 38479
0 47724
0 22663
0 503
0 327
0 24691
0 28382
0 14827
0 23904
0 48117
0 48095
0 29602
0 31669
0 24062
0 15807
0 27073
0 20991
0 24270
0 37672
0 3691
0 39016
0 42034
0 7536
0 9064
0 27891
0 1446
0 38867
0 22178
0 39429
0 47835
0 11236
0 37715
0 12374
0 43422
0 21147
0 40858
0 9926
0 598
0 11303
0 25024
0 8043
0 41993
0 41029
0 10646
0 30420
0 40505
0 37785
0 28853
0 40449
0 20005
0 3126
0 2447
0 10365
0 13491
0 32355
0 18132
0 34729
0 49297
0 9749
0 43115
0 2255
0 35213
0 49682
0 17550
0 6707
0 44812
0 26763
0 32006
0 29177
0 24081
0 13314
0 2277
0 2758
0 18482
0 31787
0 1456
0 18415
0 35282
0 5184
0 20576
0 8252
0 4993
0 19217
0 19364
0 6325
0 25339
0 30250
0 43862
0 37518
0 11402
0 38552
0 6359
0 14511
0 15632
0 18915
0 15317
0 3962
0 43564
0 37766
0 39797
0 44058
0 15568
0 44910
0 46615
0 40228
0 12966
0 26365
0 28271
0 13472
0 8449
0 5109
0 31121
0 2007
0 5456
0 20054
0 49411
0 41966
0 40214
0 8097
0 13727
0 39935
0 35587
0 10216
0 3809
0 7053
0 44368
0 31419
0 37643
0 21248
0 18688
0 29919
0 49899
0 16718
0 20883
0 22430
0 10653
0 36935
0 21010
0 48075
0 29416
0 39484
0 36915
0 12216
0 45642
0 31388
0 14830
0 13747
0 32521
0 19082
0 35572
0 2347
0 4612
0 23607
0 26625
0 17605
0 39368
0 17131
0 25061
0 26397
0 3170
0 32964
0 31920
0 31653
0 45090
0 4038
0 5659
0 27893
0 27901
0 43629
0 48779
0 23723
0 44512
0 28207
0 37794
0 252
0 15576
0 22845
0 48601
0 12707
0 28706
0 29422
0 1597
0 27595
0 18826
0 35396
0 27834
0 48184
0 33782
0 20488
0 41721
0 10507
0 42344
0 33768
0 35840
0 39892
0 25023
0 5452
0 9807
0 11647
0 12863
0 26102
0 22064
0 23075
0 41540
0 7162
0 14245
0 39184
0 47196
0 22751
0 40651
0 13524
0 29793
0 6524
0 3407
0 10163
0 25626
0 32814
0 13233
0 44557
0 18975
0 20732
0 24117
0 10933
0 19619
0 47943
0 12569
0 41671
0 26448
0 1440
0 25743
0 1476
0 7953
0 9535
0 12672
0 18610
0 43643
0 48070
0 3268
0 476
0 40285
0 18305
0 5095
0 32850
0 49931
0 13684
0 15280
0 22940
0 21620
0 20841
0 29364
0 44241
0 48859
0 19397
0 15250
0 8427
0 35868
0 43685
0 23648
0 43312
0 40777
0 30332
0 6747
0 16697
0 28867
0 595
0 25882
0 25598
0 32834
0 1517
0 4160
0 40983
0 4591
0 49368
0 22230
0 47508
0 7642
0 24428
0 19849
0 1720
0 39281
0 12999
0 10054
0 31131
0 21363
0 13529
0 8471
0 7406
0 25500
0 38744
0 9552
0 13517
0 48866
0 31045
0 41088
0 27236
0 46360
0 2979
0 19101
0 24208
0 45287
0 47303
0 29261
0 33391
0 8031
0 34553
0 42025
0 43208
0 32902
0 33065
0 39129
0 47998
0 29448
0 32628
0 43079
0 5062
0 15583
0 26655
0 33089
0 46116
0 40613
0 5917
0 15747
0 45776
0 39402
0 46415
0 46604
0 35986
0 9709
0 3196
0 1157
0 13469
0 28314
0 858
0 15177
0 43998
0 27355
0 49717
0 24993
0 44795
0 14781
0 41618
0 41046
0 10403
0 49333
0 49729
0 40494
0 24826
0 14500
0 25773
0 5339
0 28372
0 12931
0 5489
0 43284
0 15146
0 36817
0 13453
0 1495
0 12288
0 29332
0 33147
0 22792
0 27033
0 42655
0 24640
0 49498
0 40287
0 21447
0 33178
0 28067
0 40537
0 15123
0 12542
0 45076
0 2939
0 49900
0 9174
0 36631
0 41372
0 48798
0 10360
0 20484
0 19137
0 6036
0 48370
0 45367
0 16934
0 33883
0 28411
0 30006
0 19418
0 13075
0 13217
0 42555
0 20033
0 31953
0 18981
0 20236
0 22820
0 5081
0 28448
0 38652
0 27016
0 17914
0 25509
0 18262
0 39167
0 37957
0 7703
0 10322
0 25492
0 28634
0 6750
0 25848
0 18111
0 17476
0 35859
0 29532
0 28470
0 46568
0 37642
0 12069
0 24010
0 27155
0 4076
0 39207
0 6120
0 40958
0 30514
0 17659
0 18708
0 29961
0 29584
0 24976
0 29449
0 39331
0 23998
0 2587
0 10490
0 46634
0 28403
0 38653
0 13211
0 48946
0 27118
0 35103
0 31631
0 12998
0 32173
0 48014
0 39885
0 42071
0 15504
0 41086
0 34051
0 22687
0 523
0 1780
0 19053
0 39129
0 31392
0 32921
0 4115
0 23900
0 26055
0 20026
0 14459
0 5065
0 19720
0 23411
0 34650
0 25488
0 29934
0 43881
0 41523
0 16142
0 28927
0 38982
0 16914
0 46088
0 33947
0 835
0 30857
0 3685
0 28179
0 24823
0 42688
0 25322
0 10538
0 14388
0 48654
0 22148
0 41911
0 49827
0 34669
0 34880
0 12481
0 38567
0 39918
0 36599
0 9713
0 22322
0 6384
0 20865
0 48571
0 41871
0 29913
0 34983
0 6113
0 41358
0 15606
0 37884
0 40163
0 33913
0 8578
0 1748
0 40443
0 23412
0 13056
0 33401
0 27542
0 10223
0 29439
0 30156
0 19045
0 8823
0 10539
0 43198
0 49841
0 27378
0 30347
0 48852
0 22120
0 3909
0 16588
0 8764
0 37146
0 31289
0 46733
0 40539
0 10421
0 39715
0 49420
0 38146
0 17100
0 8235
0 16283
0 16524
0 48180
0 18883
0 15344
0 42265
0 32709
0 5999
0 19253
0 29549
0 2790
0 6850
0 6974
0 429
0 25058
0 15669
0 31673
0 21847
0 8076
0 15885
0 8251
0 17612
0 21854
0 5311
0 20581
0 40631
0 1167
0 25160
0 37425
0 38509
0 18834
0 39647
0 27311
0 20012
0 48163
0 3971
0 14807
0 48979
0 14122
0 46417
0 8917
0 34810
0 32712
0 41441
0 1331
0 41226
0 29478
0 14282
0 27363
0 46178
0 35006
0 5778
0 46345
0 44083
0 49132
0 36029
0 49090
0 11105
0 12834
0 16846
0 40079
0 25235
0 31925
0 25417
0 5194
0 5207
0 29547
0 9852
0 48917
0 45271
0 40492
0 48553
0 42154
0 14575
0 1452
0 31724
0 34544
0 18277
0 18251
0 37993
0 12242
0 48057
0 42064
0 15658
0 18498
0 16730
0 13893
0 38676
0 45950
0 13846
0 44540
0 11810
0 39170
0 45539
0 20053
0 2697
0 12630
0 4817
0 4143
0 19448
0 24041
0 41424
0 44255
0 8082
0 38746
0 49132
0 33304
0 28563
0 19189
0 37476
0 6995
0 29136
0 13056
0 29728
0 32271
0 2198
0 49782
0 18846
0 17673
0 30400
0 21327
0 18227
0 12392
0 29395
0 38854
0 41632
0 48895
0 12692
0 27294
0 48510
0 8475
0 5298
0 41563
0 28938
0 42091
0 31947
0 49603
0 14891
0 35130
0 872
0 9847
0 19924
0 10554
0 46397
0 14481
0 42354
0 48974
0 47254
0 49101
0 4657
0 47361
0 12243
0 24122
0 45616
0 49438
0 6633
0 16078
0 6218
0 9659
0 12554
0 37476
0 33215
0 40028
0 8249
0 5101
0 27021
0 31038
0 25294
0 43482
0 39853
0 44527
0 16176
0 44518
0 31443
0 2946
0 18496
0 4048
0 6743
0 25237
0 20405
0 33539
0 27643
0 45384
0 14538
0 43741
0 3334
0 40603
0 1695
0 41819
0 42703
0 12201
0 45862
0 29273
0 22059
0 35932
0 46401
0 33028
0 36023
0 30141
0 45571
0 33990
0 29846
0 42624
0 40208
0 13538
0 47156
0 35805
0 32191
0 45335
0 16102
0 10956
0 31285
0 39092
0 35989
0 3170
0 22214
0 27701
0 37099
0 40500
0 28910
0 45585
0 18570
0 21797
0 29737
0 46245
0 25069
0 23992
0 14143
0 168
0 16258
0 4724
0 40182
0 30773
0 39733
0 25838
0 39895
0 128
0 48622
0 35869
0 21676
0 20005
0 30408
0 20082
0 2557
0 23395
0 26253
0 15949
0 12591
0 40081
0 48684
0 3965
0 3930
0 26603
0 36568
0 22784
0 41051
0 6599
0 28566
0 31428
0 44460
0 30218
0 25782
0 45283
0 18706
0 4785
0 12494
0 44373
0 17648
0 45260
0 36439
0 18289
0 48861
0 22824
0 28502
0 9428
0 14058
0 11013
0 18541
0 34186
0 35475
0 5057
0 18401
0 38282
0 34452
0 48016
0 10457
0 48203
0 10283
0 13249
0 6545
0 31252
0 10006
0 6369
0 13080
0 32917
0 12040
0 24322
0 48759
0 11359
0 38869
0 11707
0 26202
0 4446
0 44179
0 25915
0 30829
0 43065
0 30108
0 43142
0 47592
0 7976
0 9460
0 31889
0 25751
0 17118
0 6313
0 18694
0 35871
0 20721
0 25573
0 22837
0 8050
0 31847
0 37232
0 35354
0 36975
0 25779
0 47434
0 17520
0 25619
0 22796
0 9854
0 30368
0 10522
0 32135
0 29958
0 42264
0 7812
0 3340
0 37023
0 42959
0 41907
0 6346
0 26834
0 6149
0 29273
0 3162
0 26946
0 18134
0 36452
0 40483
0 28310
0 2101
0 5744
0 16528
0 13681
0 33387
0 39456
0 29449
0 13626
0 7640
0 33166
0 11032
0 10880
0 22197
0 1389
0 26107
0 47203
0 21593
0 28693
0 48090
0 3874
0 16594
0 41792
0 22610
0 9889
0 39472
0 758
0 16184
0 4809
0 10018
0 39620
0 41599
0 34259
0 42656
0 20328
0 41115
0 18084
0 7972
0 23538
0 15203
0 34315
0 48547
0 19695
0 48713
0 21577
0 17362
0 14356
0 11698
0 47230
0 43200
0 30307
0 24126
0 31254
0 1144
0 40040
0 15901
0 49845
0 20237
0 16292
0 1044
0 13978
0 32001
0 19902
0 10606
0 42792
0 35559
0 20647
0 2632
0 40360
0 10654
0 27826
0 37230
0 31486
0 15675
0 27220
0 43299
0 33262
0 23802
0 37819
0 16824
0 1840
0 24291
0 30032
0 12537
0 34212
0 32072
0 4312
0 1239
0 27931
0 39967
0 13556
0 26943
0 47448
0 26640
0 45086
0 18056
0 24253
0 3201
0 29615
0 19611
0 29442
0 39523
0 37454
0 38311
0 13371
0 6599
0 18368
0 26860
0 24158
0 2296
0 2838
0 11179
0 7164
0 14977
0 38608
0 23122
0 3658
0 2605
0 42780
0 32574
0 12569
0 43413
0 13301
0 44196
0 34684
0 3168
0 6652
0 19111
0 44420
0 19703
0 44460
0 26451
0 16023
0 29618
0 354
0 10217
0 28717
0 15177
0 49748
0 41811
0 44043
0 14598
0 18924
0 34864
0 114
0 30793
0 40386
0 41584
0 47953
0 40676
0 8121
0 24514
0 6883
0 38148
0 41574
0 38313
0 30840
0 48850
0 12915
0 30473
0 39731
0 37371
0 20559
0 16457
0 35953
0 7317
0 7432
0 435
0 41178
0 14742
0 2931
0 47565
0 22954
0 13205
0 48323
0 30692
0 12244
0 49768
0 31554
0 37787
0 40040
0 12109
0 2380
0 9353
0 18279
0 21574
0 13377
0 38666
0 43926
0 28736
0 28692
0 26679
0 31258
0 49485
0 21611
0 47726
0 24841
0 7474
0 34324
0 47731
0 5440
0 32254
0 20659
0 17638
0 18429
0 46807
0 17282
0 5647
0 11494
0 29466
0 7261
0 44240
0 38100
0 35567
0 44702
0 6035
0 22841
0 25622
0 13448
0 18783
0 8718
0 49226
0 11540
0 32909
0 18404
0 25566
0 4127
0 10604
0 40326
0 41772
0 281
0 14962
0 40377
0 7428
0 4953
0 43753
0 10852
0 44514
0 33714
0 42845
0 43639
0 2173
0 38387
0 49024
0 7128
0 40193
0 30355
0 30287
0 28661
0 22449
0 39191
0 5403
0 22500
0 14040
0 6578
0 12655
0 17093
0 28076
0 35954
0 20239
0 26232
0 1405
0 23716
0 37884
0 1667
0 25992
0 18242
0 16481
0 19060
0 38954
0 19275
0 26390
0 20704
0 31517
0 36779
0 2063
0 37068
0 12475
0 21822
0 14156
0 49358
0 29537
0 35954
0 10992
0 43055
0 40202
0 38542
0 21992
0 1995
0 12570
0 37589
0 29419
0 39838
0 28228
0 44839
0 3998
0 28012
0 49260
0 26708
0 33404
0 2150
0 11980
0 3417
0 43892
0 20146
0 33208
0 3954
0 27054
0 46435
0 19051
0 33449
0 36292
0 35726
0 45549
0 33267
0 2062
0 30253
0 43755
0 14525
0 40572
0 37572
0 18009
0 1933
0 48192
0 21314
0 17486
0 43631
0 41124
0 23690
0 30482
0 37701
0 12354
0 47830
0 26289
0 7524
0 1147
0 30988
0 26433
0 14688
0 8553
0 3132
0 25403
0 46337
0 30394
0 2241
0 10150
0 19421
0 48224
0 49916
0 26062
0 44489
0 15048
0 1199
0 13371
0 19085
0 48318
0 43476
0 19514
0 41122
0 18423
0 281
0 37881
0 323
0 4695
0 46793
0 21005
0 26605
0 30736
0 1771
0 2514
0 23243
0 39891
0 37155
0 7679
0 21895
0 39408
0 8738
0 9488
0 39689
0 39801
0 18932
0 738
0 26335
0 502
0 27382
0 6281
0 16929
0 30421
0 41304
0 26440
0 18548
0 17327
0 22659
0 44029
0 25638
0 23331
0 17419
0 29818
0 30959
0 22343
0 37459
0 10565
0 17957
0 45214
0 30588
0 17840
0 23184
0 3572
0 28202
0 38874
0 44584
0 29711
0 1742
0 29135
0 1231
0 25822
0 18081
0 38853
0 40072
0 4117
0 10194
0 37381
0 24869
0 4078
0 12013
0 5153
0 26139
0 39556
0 6495
0 6013
0 25007
0 8686
0 25985
0 25258
0 10471
0 22280
0 30961
0 45479
0 12703
0 4686
0 12355
0 12998
0 5824
0 48305
0 15332
0 15153
0 36713
0 21318
0 18773
0 16859
0 26051
0 49203
0 40412
0 32211
0 43370
0 15796
0 33463
0 28284
0 21163
0 41944
0 3838
0 16076
0 39801
0 8754
0 322
0 12483
0 44943
0 29277
0 35533
0 27549
0 19816
0 10646
0 42717
0 355
0 34342
0 21192
0 24643
0 30804
0 31871
0 28715
0 9207
0 31259
0 36386
0 37288
0 45348
0 8182
0 11387
0 41756
0 28238
0 1749
0 19551
0 10199
0 39514
0 48439
0 43438
0 20902
0 37674
0 45235
0 38550
0 30567
0 35968
0 27952
0 1401
0 14481
0 3577
0 49573
0 10728
0 19927
0 25406
0 46971
0 18899
0 7787
0 24757
0 7872
0 3937
0 9217
0 41730
0 19424
0 21228
0 2356
0 34582
0 19006
0 2253
0 27182
0 30219
0 42974
0 8324
0 9393
0 47357
0 32895
0 39667
0 13222
0 20978
0 10300
0 48800
0 4855
0 24653
0 18128
0 39952
0 20227
0 28856
0 18866
0 24856
0 17841
0 47554
0 10951
0 3781
0 35147
0 23207
0 13490
0 33338
0 37627
0 31930
0 15688
0 44851
0 48077
0 30279
0 4507
0 31887
0 44186
0 97
0 1987
0 4533
0 46545
0 27684
0 41608
0 8020
0 49690
0 11418
0 42850
0 111
0 21622
0 12793
0 24236
0 14045
0 41893
0 21341
0 32109
0 40579
0 6280
0 47776
0 40419
0 9208
0 14114
0 45470
0 28865
0 47754
0 5265
0 29293
0 30200
0 11054
0 11714
0 41537
0 24536
0 3308
0 19770
0 2685
0 32513
0 13259
0 8382
0 46489
0 13469
0 44335
0 10317
0 33911
0 15113
0 48679
0 7947
0 48582
0 8029
0 22582
0 12835
0 42495
0 9798
0 32949
0 39727
0 40545
0 30464
0 171
0 21425
0 17914
0 10444
0 5454
0 19828
0 19310
0 22895
0 45552
0 35492
0 43945
0 16857
0 15442
0 43625
0 45954
0 31895
0 27403
0 43273
0 14679
0 30507
0 30316
0 3473
0 14876
0 20650
0 35091
0 24629
0 30433
0 1363
0 27221
0 20169
0 48856
0 28021
0 15350
0 1216
0 15654
0 39901
0 6086
0 30846
0 9858
0 28313
0 22292
0 38363
0 8398
0 42444
0 36450
0 8934
0 6466
0 20753
0 20499
0 2240
0 17548
0 47714
0 13699
0 24559
0 46009
0 1798
0 11124
0 30679
0 27203
0 35645
0 2596
0 23524
0 41452
0 7946
0 37448
0 43350
0 16588
0 15914
0 46755
0 16333
0 26188
0 49841
0 47252
0 4878
0 32900
0 4611
0 30303
0 48164
0 9420
0 34302
0 33000
0 15986
0 20795
0 43086
0 10518
0 11093
0 32656
0 31077
0 48195
0 39346
0 11142
0 35490
0 9514
0 27002
0 17365
0 42077
0 29754
0 5216
0 45700
0 48914
0 30211
0 45690
0 49464
0 6079
0 13136
0 28090
0 4246
0 40117
0 16038
0 406
0 21855
0 20269
0 290
0 46142
0 98
0 39588
0 18174
0 41799
0 2228
0 44805
0 46405
0 16819
0 48815
0 37921
0 17848
0 47300
0 45562
0 13212
0 1317
0 47727
0 20426
0 32008
0 2458
0 26111
0 3418
0 34258
0 266
0 23784
0 34785
0 3159
0 2218
0 41078
0 28484
0 14391
0 14372
0 41427
0 8567
0 21109
0 35990
0 34590
0 2010
0 5936
0 23101
0 29079
0 18455
0 196
0 48131
0 18251
0 45736
0 12971
0 16367
0 14387
0 14838
0 16071
0 14570
0 17409
0 47323
0 36216
0 43286
0 41651
0 5806
0 12031
0 48573
0 28208
0 8666
0 12173
0 21957
0 14462
0 44356
0 8269
0 32603
0 11256
0 35910
0 37364
0 14821
0 48355
0 4267
0 32397
0 8253
0 28851
0 22970
0 48305
0 18508
0 45021
0 7856
0 20398
0 37173
0 42614
0 45872
0 46073
0 39993
0 21368
0 38067
0 2258
0 5610
0 9812
0 3984
0 48734
0 42637
0 22939
0 35143
0 28543
0 63
0 12917
0 23189
0 28389
0 3417
0 28182
0 14335
0 33020
0 45540
0 29436
0 16214
0 9674
0 2781
0 39747
0 46509
0 35007
0 37096
0 4468
0 2545
0 39356
0 34805
0 45590
0 2403
0 33172
0 37167
0 17747
0 17413
0 13532
0 26258
0 35357
0 43961
0 6333
0 39385
0 16084
0 24552
0 7401
0 38977
0 10653
0 5976
0 33538
0 40730
0 42430
0 35983
0 14370
0 30021
0 47248
0 48321
0 46440
0 20311
0 7926
0 40481
0 41141
0 25422
0 7222
0 34681
0 45208
0 21431
0 25082
0 32906
0 39649
0 21907
0 19929
0 7738
0 23472
0 31091
0 33817
0 23042
0 7167
0 5608
0 27180
0 31833
0 25843
0 44653
0 42425
0 40631
0 4156
0 37211
0 49499
0 4810
0 32791
0 32785
0 32768
0 1716
0 32537
0 28396
0 5256
0 47959
0 37707
0 26157
0 41706
0 31164
0 42418
0 37073
0 2395
0 43980
0 41539
0 41905
0 14071
0 17268
0 45901
0 31297
0 25049
0 29338
0 6040
0 41106
0 20356
0 19198
0 22786
0 15817
0 46246
0 18849
0 21603
0 9722
0 30437
0 45531
0 48691
0 9276
0 38902
0 18319
0 17715
0 2995
0 34721
0 31689
0 46420
0 1299
0 20814
0 48050
0 21213
0 27214
0 22294
0 8293
0 28947
0 7683
0 923
0 48798
0 27322
0 40810
0 6949
0 30911
0 19127
0 16719
0 17576
0 5004
0 33511
0 46990
0 3155
0 41705
0 11582
0 30459
0 10182
0 12173
0 30156
0 29789
0 26557
0 13626
0 26967
0 49834
0 11390
0 37804
0 3666
0 11507
0 49574
0 13282
0 49404
0 36311
0 33201
0 9295
0 46859
0 47195
0 5985
0 40120
0 2116
0 10256
0 25321
0 16875
0 35114
0 19397
0 43449
0 3367
0 13431
0 4338
0 6224
0 42218
0 44889
0 16122
0 12360
0 14487
0 10013
0 9903
0 42445
0 43451
0 1635
0 45122
0 11781
0 10442
0 44710
0 11958
0 13789
0 42193
0 14350
0 19501
0 42213
0 49199
0 16481
0 22112
0 3003
0 7434
0 36946
0 12048
0 39296
0 41504
0 35802
0 3380
0 20762
0 34300
0 39103
0 21778
0 35100
0 27343
0 24989
0 9711
0 35148
0 12258
0 9609
0 46039
0 47686
0 32137
0 5513
0 3144
0 7022
0 7211
0 17950
0 22028
0 39046
0 39931
0 48430
0 38096
0 6456
0 19421
0 25536
0 38535
0 43137
0 17189
0 43387
0 49247
0 10659
0 7349
0 47800
0 5820
0 28791
0 1924
0 38022
0 30121
0 42608
0 16560
0 18022
0 46510
0 18288
0 42609
0 38608
0 31229
0 38888
0 49209
0 17547
0 16622
0 35191
0 31723
0 7372
0 26931
0 39381
0 12822
0 2179
0 10719
0 47718
0 16114
0 3639
0 26170
0 46573
0 11991
0 37980
0 23936
0 2206
0 36040
0 18628
0 36917
0 19121
0 18040
0 29469
0 43788
0 39561
0 10817
0 26148
0 8206
0 17395
0 11826
0 32281
0 25916
0 10790
0 28688
0 435
0 33452
0 26900
0 24368
0 15823
0 13463
0 20845
0 28994
0 9704
0 95
0 13102
0 7830
0 48566
0 22769
0 25825
0 11148
0 40631
0 17228
0 32012
0 9236
0 35100
0 30319
0 31925
0 43042
0 24092
0 35538
0 29881
0 46212
0 27072
0 3025
0 1346
0 10739
0 20116
0 41693
0 25589
0 3173
0 28122
0 20214
0 41228
0 18413
0 32109
0 4189
0 20687
0 47084
0 33717
0 37870
0 35915
0 34000
0 386
0 1555
0 47280
0 25820
0 46510
0 11799
0 9266
0 28348
0 46162
0 13663
0 29727
0 32684
0 16930
0 47374
0 17556
0 10125
0 27053
0 22203
0 37306
0 14356
0 14550
0 13233
0 5355
0 13002
0 39629
0 39260
0 119
0 48740
0 4632
0 46670
0 22141
0 49152
0 39178
0 24228
0 38000
0 29730
0 12324
0 31203
0 17230
0 22424
0 46275
0 43436
0 9001
0 23783
0 44211
0 36804
0 28783
0 16761
0 44090
0 36074
0 21502
0 14958
0 6557
0 6013
0 44309
0 24026
0 11658
0 13014
0 45731
0 14507
0 13312
0 36857
0 15534
0 38562
0 25695
0 25517
0 13514
0 35495
0 43937
0 12021
0 32246
0 38395
0 48335
0 35022
0 46434
0 6422
0 3303
0 168
0 442
0 22137
0 14558
0 45105
0 5327
0 26252
0 22646
0 8799
0 10275
0 473
0 2223
0 47308
0 43898
0 393
0 32878
0 34918
0 9735
0 21329
0 15432
0 35990
0 41557
0 22199
0 40317
0 46032
0 17594
0 49733
0 13275
0 15254
0 20345
0 8707
0 4705
0 37104
0 36258
0 9894
0 24177
0 20692
0 26679
0 38598
0 18570
0 11823
0 38351
0 42261
0 3490
0 17748
0 30696
0 35977
0 48192
0 6047
0 21409
0 42670
0 5295
0 22000
0 33051
0 8885
0 2303
0 12214
0 38607
0 44562
0 23819
0 15769
0 33663
0 3048
0 49567
0 38043
0 17483
0 28537
0 44783
0 2530
0 38324
0 48520
0 41052
0 24876
0 1716
0 6778
0 47703
0 26550
0 2664
0 12587
0 47733
0 127
0 12667
0 16764
0 37085
0 44331
0 15734
0 12255
0 6389
0 30276
0 29587
0 24826
0 32991
0 17128
0 46360
0 44116
0 48931
0 14416
0 10353
0 33644
0 3340
0 23032
0 41535
0 41715
0 27426
0 43407
0 7984
0 4837
0 34156
0 49285
0 27678
0 531
0 24814
0 10645
0 47572
0 41523
0 339
0 47517
0 34161
0 22914
0 30708
0 37721
0 34388
0 15871
0 23419
0 11640
0 10287
0 17722
0 9514
0 14808
0 39471
0 22170
0 45969
0 31194
0 21180
0 43550
0 36303
0 13396
0 12961
0 1722
0 41798
0 38588
0 2637
0 43624
0 41798
0 34204
0 29929
0 42562
0 11957
0 34000
0 37624
0 12185
0 37339
0 13696
0 44295
0 14712
0 16573
0 45724
0 35454
0 17390
0 23453
0 13093
0 8439
0 8604
0 48887
0 17507
0 37124
0 19658
0 17611
0 23778
0 20246
0 46554
0 11543
0 28674
0 42803
0 49695
0 14222
0 20284
0 2015
0 48510
0 6528
0 10063
0 23322
0 39436
0 15127
0 8147
0 11352
0 47
0 14313
0 14114
0 4867
0 35369
0 47191
0 19819
0 39503
0 19780
0 141
0 42545
0 40620
0 44724
0 38725
0 45522
0 42751
0 16986
0 22680
0 48571
0 35589
0 31638
0 21561
0 12476
0 3853
0 3507
0 47594
0 7461
0 3689
0 10538
0 45362
0 14264
0 28148
0 15883
0 911
0 43347
0 45131
0 1152
0 10799
0 8226
0 18669
0 47495
0 31104
0 23882
0 23107
0 32556
0 42798
0 19384
0 15792
0 2603
0 33554
0 15233
0 9741
0 38513
0 4369
0 3048
0 34155
0 6175
0 7834
0 6450
0 5813
0 45176
0 2194
0 210
0 33199
0 35000
0 9684
0 49693
0 17235
0 7040
0 1834
0 33015
0 3466
0 1921
0 49741
0 11515
0 12717
0 48398
0 43153
0 47036
0 30285
0 48761
0 27964
0 23354
0 21578
0 28110
0 6014
0 42216
0 8346
0 13979
0 41697
0 10619
0 46406
0 5548
0 46967
0 6317
0 39833
0 6548
0 40090
0 5505
0 45837
0 4405
0 30969
0 7141
0 12967
0 34681
0 39697
0 11722
0 21722
0 28786
0 22028
0 37517
0 26765
0 47867
0 36259
0 18639
0 43191
0 40432
0 46804
0 3864
0 3115
0 21916
0 20553
0 10774
0 34224
0 22951
0 26109
0 35960
0 14844
0 40499
0 29152
0 19821
0 10673
0 28805
0 14778
0 9948
0 40809
0 17863
0 31934
0 41129
0 47813
0 39257
0 32255
0 25679
0 47488
0 14575
0 46470
0 42711
0 16777
0 23133
0 39886
0 16765
0 23088
0 8397
0 9503
0 23468
0 31135
0 34320
0 19861
0 22577
0 5134
0 11426
0 45676
0 36196
0 7738
0 11756
0 29851
0 32905
0 26656
0 33350
0 25096
0 17928
0 27730
0 3625
0 24442
0 7630
0 34917
0 15022
0 21335
0 27454
0 3509
0 24396
0 4234
0 15938
0 41026
0 14181
0 31839
0 39103
0 42418
0 42088
0 34860
0 41882
0 35374
0 8108
0 1789
0 1874
0 40421
0 22856
0 25207
0 6897
0 33943
0 20516
0 15912
0 17050
0 21340
0 19446
0 9473
0 15722
0 28580
0 21950
0 10790
0 20693
0 25007
0 25908
0 30741
0 30110
0 21079
0 15495
0 2658
0 22396
0 11162
0 16106
0 48403
0 18901
0 20411
0 26933
0 10522
0 11243
0 17867
0 15214
0 20334
0 46083
0 12958
0 38387
0 4800
0 6599
0 4486
0 9723
0 1531
0 15283
0 45575
0 31717
0 41118
0 12268
0 47912
0 4683
0 4825
0 43247
0 38393
0 33103
0 4695
0 18079
0 22100
0 12752
0 24806
0 35010
0 40609
0 3141
0 47663
0 32384
0 36450
0 35855
0 36322
0 41966
0 17425
0 34265
0 34481
0 29400
0 26294
0 2055
0 1270
0 48475
0 30755
0 46540
0 16986
0 44744
0 18887
0 20857
0 29828
0 20885
0 35656
0 43032
0 24427
0 35934
0 31694
0 18757
0 1118
0 35889
0 27777
0 21879
0 26093
0 45755
0 8269
0 35224
0 28491
0 38527
0 31318
0 29511
0 12851
0 11199
0 5516
0 43216
0 1332
0 30430
0 10929
0 28224
0 40038
0 48385
0 29134
0 21040
0 39649
0 46685
0 44749
0 13051
0 12503
0 44830
0 19811
0 42009
0 8994
0 11283
0 49804
0 7035
0 37860
0 13973
0 3195
0 26517
0 45369
0 24131
0 19499
0 16910
0 4205
0 7079
0 43783
0 41553
0 44430
0 10442
0 45744
0 34414
0 24063
0 27909
0 47414
0 10172
0 45787
0 20282
0 46141
0 5798
0 1346
0 15881
0 10836
0 17743
0 32513
0 19682
0 31241
0 20882
0 23482
0 38210
0 38765
0 21252
0 11768
0 43791
0 44149
0 31731
0 14261
0 39668
0 34582
0 8921
0 3934
0 1381
0 26746
0 19376
0 49250
0 46746
0 14470
0 40808
0 3696
0 13380
0 24412
0 36691
0 24747
0 16581
0 9098
0 41652
0 5303
0 16083
0 24286
0 38393
0 44115
0 37186
0 2559
0 34597
0 20282
0 18089
0 11264
0 38920
0 10497
0 23502
0 22185
0 18520
0 34157
0 2065
0 7245
0 37821
0 30431
0 16088
0 16433
0 38814
0 16428
0 13220
0 34108
0 34088
0 10116
0 27417
0 35212
0 20782
0 10334
0 15417
0 45080
0 34720
0 17765
0 27927
0 7513
0 17556
0 10170
0 2905
0 21477
0 28961
0 21443
0 8725
0 36278
0 24752
0 8652
0 17887
0 9515
0 21853
0 15654
0 24503
0 1121
0 32945
0 39616
0 8031
0 48711
0 26622
0 17332
0 29045
0 6622
0 23981
0 13131
0 47933
0 6541
0 10610
0 39611
0 26650
0 16694
0 13543
0 36842
0 41891
0 20270
0 29876
0 11941
0 21368
0 45445
0 6347
0 4243
0 45508
0 18461
0 36329
0 11070
0 19968
0 34039
0 5394
0 3417
0 27347
0 47666
0 37716
0 10770
0 2229
0 39021
0 29141
0 19128
0 29597
0 38842
0 39898
0 46405
0 34305
0 8640
0 10193
0 887
0 42213
0 42701
0 36059
0 11494
0 4583
0 13080
0 46306
0 14872
0 10457
0 16118
0 3508
0 26450
0 6063
0 3804
0 20024
0 45753
0 14725
0 45009
0 1509
0 28438
0 41062
0 40289
0 18554
0 21984
0 15034
0 33504
0 28573
0 11422
0 31793
0 48724
0 38609
0 17578
0 25954
0 31855
0 37961
0 19177
0 30787
0 14270
0 12670
0 38877
0 32950
0 38310
0 47420
0 28701
0 13481
0 13397
0 40690
0 41322
0 1525
0 31558
0 6703
0 4251
0 47727
0 26039
0 150
0 11782
0 7269
0 39147
0 18551
0 18974
0 22118
0 49623
0 38753
0 25678
0 45873
0 29418
0 5009
0 24382
0 16830
0 21434
0 47808
0 12331
0 22205
0 46973
0 35436
0 9498
0 3364
0 23406
0 33912
0 45533
0 29379
0 13092
0 30807
0 47556
0 21047
0 38561
0 16942
0 4258
0 25263
0 18884
0 7513
0 35407
0 27580
0 40987
0 35185
0 8159
0 32169
0 29786
0 41828
0 32403
0 39107
0 5735
0 31747
0 33520
0 25847
0 21023
0 3040
0 44342
0 2597
0 2469
0 27612
0 37326
0 47993
0 9382
0 20367
0 3549
0 25381
0 44935
0 13649
0 41305
0 25117
0 11020
0 200
0 26220
0 3550
0 38550
0 3530
0 33707
0 14810
0 29811
0 26181
0 46392
0 8051
0 28565
0 5330
0 27716
0 27022
0 27025
0 7444
0 17615
0 14027
0 7412
0 35672
0 303
0 21908
0 27359
0 39676
0 35973
0 35056
0 9073
0 8808
0 21883
0 20174
0 28212
0 48187
0 24980
0 42634
0 15431
0 26571
0 32967
0 31010
0 5918
0 37493
0 34278
0 16191
0 16062
0 49941
0 27077
0 19834
0 40419
0 49644
0 28303
0 40783
0 16790
0 32166
0 45158
0 29483
0 38463
0 15354
0 25387
0 32693
0 41871
0 27408
0 6640
0 43202
0 42056
0 49312
0 14516
0 3859
0 23983
0 16479
0 8561
0 48348
0 7322
0 29031
0 18359
0 23653
0 27644
0 42104
0 15390
0 20022
0 26833
0 29734
0 46530
0 6606
0 36465
0 38638
0 18500
0 47288
0 2089
0 12632
0 11124
0 15182
0 24671
0 8045
0 5432
0 23126
0 29518
0 28826
0 23158
0 1145
0 14586
0 21627
0 45234
0 24689
0 16911
0 28280
0 38242
0 7601
0 8948
0 46250
0 46974
0 27979
0 20486
0 45812
0 27972
0 15937
0 1162
0 16729
0 33541
0 11362
0 46761
0 48980
0 35754
0 39300
0 15842
0 6645
0 18733
0 14704
0 7199
0 28010
0 1659
0 6336
0 27703
0 25795
0 9575
0 39883
0 30061
0 42233
0 33940
0 44703
0 41342
0 22038
0 40595
0 43529
0 17602
0 5540
0 38272
0 35120
0 19824
0 17243
0 14383
0 37813
0 15584
0 7771
0 38035
0 40182
0 25285
0 9833
0 49148
0 30345
0 10771
0 5064
0 26239
0 26438
0 6032
0 2308
0 42417
0 577
0 46810
0 15082
0 5993
0 30635
0 45598
0 30259
0 5161
0 11180
0 11510
0 15403
0 47583
0 47962
0 31632
0 29130
0 26601
0 24253
0 17327
0 35946
0 11055
0 12697
0 6455
0 12075
0 48725
0 29246
0 22163
0 20320
0 39879
0 16002
0 689
0 11009
0 42500
0 18944
0 42429
0 3049
0 29698
0 10937
0 27952
0 41842
0 9675
0 6704
0 36
0 13285
0 44887
0 33669
0 32048
0 22588
0 38797
0 25123
0 15357
0 40879
0 9362
0 1365
0 47926
0 41087
0 32118
0 15817
0 26904
0 11563
0 31794
0 36724
0 31284
0 40137
0 15085
0 47259
0 12854
0 9052
0 34118
0 19536
0 24120
0 41489
0 30427
0 40893
0 37839
0 39688
0 34666
0 8876
0 4698
0 47800
0 36615
0 16865
0 7676
0 36059
0 10472
0 35134
0 26367
0 37235
0 5550
0 6905
0 42087
0 24577
0 32896
0 26322
0 20134
0 28137
0 17080
0 10878
0 15300
0 20081
0 28896
0 14077
0 14352
0 9425
0 14072
0 18797
0 17123
0 23474
0 30203
0 25526
0 9525
0 27523
0 7111
0 22604
0 48900
0 40925
0 26761
0 35110
0 7232
0 41837
0 47751
0 9057
0 38500
0 18948
0 49881
0 29970
0 37563
0 47447
0 45926
0 1780
0 40816
0 27931
0 29339
0 32793
0 13026
0 48868
0 7272
0 41646
0 38087
0 28536
0 17366
0 10263
0 14136
0 18873
0 48570
0 794
0 18021
0 44263
0 13315
0 30834
0 25564
0 26678
0 16337
0 46422
0 46886
0 38382
0 17014
0 10162
0 45406
0 7363
0 46156
0 3768
0 8635
0 46290
0 43135
0 19295
0 13582
0 31268
0 44058
0 9858
0 13236
0 42553
0 31060
0 4410
0 13366
0 42438
0 27381
0 27603
0 20246
0 32232
0 36147
0 6193
0 22310
0 44572
0 15361
0 46041
0 9562
0 26347
0 28196
0 4405
0 16169
0 532
0 27527
0 29341
0 25509
0 668
0 19023
0 11977
0 22983
0 23418
0 33012
0 30899
0 14247
0 33520
0 40424
0 48382
0 1930
0 6
0 28375
0 26477
0 38305
0 43
0 10300
0 26750
0 16621
0 22357
0 4665
0 25632
0 24379
0 17987
0 17181
0 6247
0 31899
0 4538
0 5477
0 29594
0 5137
0 43946
0 27327
0 31960
0 43182
0 48290
0 31993
0 10964
0 39057
0 6837
0 49541
0 18560
0 27541
0 3358
0 21177
0 9456
0 46824
0 2689
0 12828
0 34264
0 4530
0 36411
0 15496
0 17152
0 37852
0 34721
0 16527
0 49010
0 12813
0 46657
0 25719
0 30695
0 37289
0 25658
0 30518
0 40212
0 42292
0 31601
0 46364
0 15839
0 13581
0 26770
0 26736
0 15674
0 14891
0 30654
0 11280
0 4470
0 29448
0 44869
0 48355
0 44801
0 39537
0 38897
0 46367
0 991
0 27389
0 18991
0 48850
0 4713
0 42408
0 19218
0 28715
0 38540
0 4785
0 4152
0 31710
0 15470
0 7297
0 27715
0 10494
0 37832
0 31610
0 42361
0 37545
0 49540
0 3350
0 14842
0 18402
0 40060
0 20063
0 13665
0 12303
0 41673
0 35396
0 35388
0 2692
0 25155
0 41823
0 28566
0 38477
0 31862
0 27185
0 18534
0 39368
0 31647
0 32564
0 22712
0 39006
0 15374
0 18933
0 38436
0 3883
0 6250
0 43474
0 14809
0 17140
0 46051
0 23961
0 26435
0 39088
0 26012
0 17943
0 11090
0 9311
0 22324
0 10944
0 47233
0 3270
0 29920
0 20714
0 25804
0 46725
0 31465
0 34900
0 24306
0 19143
0 7009
0 13972
0 29679
0 15451
0 45998
0 10027
0 20696
0 35607
0 16752
0 20649
0 7852
0 38048
0 35365
0 2838
0 35940
0 33562
0 35011
0 46477
0 2211
0 39697
0 16984
0 29945
0 2629
0 2688
0 49481
0 35710
0 44736
0 14316
0 26371
0 39662
0 30178
0 14636
0 13932
0 9865
0 6841
0 30593
0 35914
0 31630
0 46888
0 29436
0 13966
0 5425
0 29322
0 9627
0 33795
0 35134
0 43541
0 39940
0 19359
0 11656
0 25479
0 15730
0 44641
0 40288
0 33918
0 45830
0 21768
0 41683
0 15395
0 28908
0 8712
0 9759
0 6958
0 42355
0 9221
0 25747
0 24664
0 49743
0 21963
0 37875
0 46086
0 28521
0 3901
0 25527
0 45428
0 42200
0 6277
0 10410
0 12038
0 38085
0 21241
0 14229
0 11291
0 49565
0 11855
0 11620
0 20968
0 37577
0 19755
0 7074
0 27078
0 27498
0 34941
0 14671
0 46841
0 13469
0 20914
0 35427
0 28997
0 19264
0 35951
0 6701
0 5748
0 15372
0 13151
0 44406
0 43176
0 6135
0 38027
0 42471
0 43774
0 17921
0 20708
0 24636
0 4646
0 2865
0 47660
0 16983
0 35729
0 11581
0 11751
0 2482
0 31650
0 27669
0 41492
0 13104
0 15382
0 20960
0 43002
0 45111
0 32145
0 29899
0 25716
0 46450
0 3394
0 35845
0 23828
0 32046
0 26109
0 5770
0 18252
0 44908
0 27537
0 3158
0 38233
0 41573
0 6524
0 26649
0 46695
0 6910
0 29293
0 4838
0 36850
0 5010
0 26668
0 11652
0 41100
0 49457
0 41278
0 21103
0 12659
0 17667
0 25423
0 21378
0 34516
0 8050
0 31519
0 30906
0 25334
0 6404
0 11043
0 4075
0 12877
0 32460
0 49629
0 22324
0 21732
0 14428
0 42724
0 40437
0 35127
0 43077
0 44420
0 15650
0 12878
0 34879
0 48672
0 15866
0 1094
0 36791
0 22076
0 33718
0 44393
0 47799
0 553
0 7670
0 18430
0 4388
0 13987
0 6208
0 33991
0 45959
0 21005
0 44947
0 45969
0 21666
0 10439
0 10675
0 8890
0 15917
0 45229
0 19178
0 19164
0 25788
0 30126
0 12629
0 1296
0 27831
0 14529
0 38189
0 27566
0 42509
0 33113
0 32995
0 32924
0 46754
0 6468
0 39618
0 19532
0 30732
0 16897
0 14431
0 12967
0 41662
0 24576
0 43516
0 16850
0 42862
0 19476
0 48166
0 7823
0 14502
0 45445
0 14146
0 28762
0 1891
0 30447
0 31041
0 43829
0 17794
0 40435
0 19823
0 7451
0 25669
0 29460
0 1919
0 3524
0 3966
0 16684
0 48636
0 43923
0 16494
0 6768
0 32677
0 35899
0 43679
0 49957
0 35578
0 39002
0 42885
0 32138
0 87
0 11045
0 11600
0 43080
0 6563
0 37552
0 17389
0 42865
0 6620
0 39349
0 23440
0 28418
0 27930
0 27007
0 13819
0 4153
0 42584
0 41765
0 28415
0 38151
0 46038
0 8030
0 12245
0 42558
0 7372
0 46761
0 12684
0 5312
0 9904
0 29908
0 33961
0 12671
0 39192
0 32721
0 44079
0 10528
0 27486
0 20527
0 2223
0 32278
0 35684
0 35527
0 25808
0 33333
0 45690
0 12574
0 15477
0 5158
0 29179
0 28545
0 28908
0 43449
0 16979
0 34278
0 35780
0 40018
0 12727
0 3915
0 18156
0 31706
0 13583
0 18422
0 17577
0 17213
0 48221
0 32573
0 17725
0 5590
0 28931
0 2483
0 25468
0 8545
0 39573
0 28194
0 37248
0 17966
0 4210
0 7450
0 12456
0 8657
0 45567
0 25327
0 22471
0 43365
0 5924
0 34755
0 44706
0 32830
0 41180
0 20848
0 2664
0 16179
0 47777
0 13267
0 48424
0 40429
0 15820
0 27771
0 4432
0 17747
0 41900
0 1096
0 18491
0 45838
0 41717
0 6142
0 13574
0 45181
0 35204
0 12531
0 36726
0 44904
0 1440
0 21167
0 23593
0 26663
0 8270
0 26591
0 30776
0 30346
0 764
0 41630
0 45319
0 30578
0 31615
0 44410
0 34105
0 46508
0 38357
0 6589
0 35672
0 8759
0 27502
0 40904
0 40585
0 19091
0 31611
0 27792
0 12419
0 8216
0 14280
0 33141
0 15212
0 47326
0 43513
0 42621
0 4839
0 22526
0 49428
0 47771
0 17702
0 43186
0 18412
0 2872
0 1932
0 19628
0 47022
0 13060
0 2044
0 15210
0 30245
0 7856
0 6455
0 9375
0 7254
0 20856
0 10548
0 13769
0 41604
0 28307
0 31699
0 7927
0 25564
0 26520
0 35204
0 18599
0 24471
0 27123
0 20200
0 47653
0 8705
0 34097
0 30118
0 10872
0 30742
0 17237
0 15976
0 8206
0 37181
0 39857
0 11267
0 9396
0 47836
0 28841
0 27173
0 23449
0 27209
0 21603
0 26976
0 12898
0 24604
0 18295
0 7740
0 42457
0 29579
0 14987
0 15389
0 5253
0 11539
0 40273
0 5039
0 37306
0 28769
0 1440
0 18094
0 16015
0 4594
0 33117
0 15570
0 6308
0 3889
0 25028
0 15269
0 27683
0 39286
0 32181
0 8354
0 26859
0 46877
0 38692
0 12160
0 49841
0 33868
0 41013
0 40284
0 5788
0 108
0 29565
0 2339
0 37724
0 5370
0 17312
0 2023
0 9692
0 23054
0 36727
0 25669
0 17667
0 8098
0 17252
0 2723
0 10122
0 36756
0 5254
0 8743
0 20138
0 6933
0 49769
0 45120
0 11870
0 8240
0 23982
0 6784
0 29908
0 2610
0 48932
0 7883
0 36847
0 14275
0 38803
0 26532
0 34216
0 49524
0 13682
0 47886
0 33603
0 10151
0 7923
0 44558
0 46152
0 38952
0 4437
0 9480
0 15646
0 14423
0 23123
0 44442
0 43753
0 46531
0 48750
0 47680
0 21201
0 12052
0 2507
0 14106
0 20038
0 8192
0 41743
0 44815
0 42169
0 44214
0 15324
0 15774
0 42275
0 28344
0 16046
0 9106
0 21525
0 3982
0 23380
0 4664
0 4282
0 33727
0 5874
0 10240
0 28557
0 3705
0 44746
0 16914
0 162
0 38962
0 20214
0 49283
0 19181
0 33688
0 28693
0 22005
0 8468
0 36905
0 3086
0 28351
0 30740
0 41209
0 20141
0 31678
0 20466
0 36302
0 13564
0 9489
0 11709
0 20871
0 4307
0 17527
0 29012
0 27061
0 48465
0 2233
0 48733
0 38818
0 46905
0 42047
0 24041
0 6465
0 18259
0 22732
0 37505
0 49673
0 20203
0 43362
0 8918
0 26402
0 20377
0 44206
0 12379
0 912
0 27780
0 47457
0 38297
0 36049
0 10718
0 41488
0 37239
0 14273
0 47801
0 28057
0 46742
0 24405
0 19731
0 27795
0 33745
0 36830
0 31613
0 30748
0 5218
0 29096
0 38686
0 9509
0 23451
0 48518
0 39288
0 33840
0 33489
0 13106
0 38459
0 44410
0 44770
0 22653
0 42011
0 11446
0 7356
1
1
1
1
1
1
1
1
1
1
1
1
1
1
1
1
1
1
1
1
1
1
1
1
1
1
1
1
1
1
1
1
1
1
1
1
1
1
1
1
1
1
1
1
1
1
1
1
1
1
1
1
1
1
1
1
1
1
1
1
1
1
1
1
1
1
1
1
1
1
1
1
1
1
1
1
1
1
1
1
1
1
1
1
1
1
1
1
1
1
1
1
1
1
1
1
1
1
1
1
1
1
1
1
1
1
1
1
1
1
1
1
1
1
1
1
1
1
1
1
1
1
1
1
1
1
1
1
1
1
1
1
1
1
1
1
1
1
1
1
1
1
1
1
1
1
1
1
1
1
1
1
1
1
1
1
1
1
1
1
1
1
1
1
1
1
1
1
1
1
1
1
1
1
1
1
1
1
1
1
1
1
1
1
1
1
1
1
1
1
1
1
1
1
1
1
1
1
1
1
1
1
1
1
1
1
1
1
1
1
1
1
1
1
1
1
1
1
1
1
1
1
1
1
1
1
1
1
1
1
1
1
1
1
1
1
1
1
1
1
1
1
1
1
1
1
1
1
1
1
1
1
1
1
1
1
1
1
1
1
1
1
1
1
1
1
1
1
1
1
1
1
1
1
1
1
1
1
1
1
1
1
1
1
1
1
1
1
1
1
1
1
1
1
1
1
1
1
1
1
1
1
1
1
1
1
1
1
1
1
1
1
1
1
1
1
1
1
1
1
1
1
1
1
1
1
1
1
1
1
1
1
1
1
1
1
1
1
1
1
1
1
1
1
1
1
1
1
1
1
1
1
1
1
1
1
1
1
1
1
1
1
1
1
1
1
1
1
1
1
1
1
1
1
1
1
1
1
1
1
1
1
1
1
1
1
1
1
1
1
1
1
1
1
1
1
1
1
1
1
1
1
1
1
1
1
1
1
1
1
1
1
1
1
1
1
1
1
1
1
1
1
1
1
1
1
1
1
1
1
1
1
1
1
1
1
1
1
1
1
1
1
1
1
1
1
1
1
1
1
1
1
1
1
1
1
1
1
1
1
1
1
1
1
1
1
1
1
1
1
1
1
1
1
1
1
1
1
1
1
1
1
1
1
1
1
1
1
1
1
1
1
1
1
1
1
1
1
1
1
1
1
1
1
1
1
1
1
1
1
1
1
1
1
1
1
1
1
1
1
1
1
1
1
1
1
1
1
1
1
1
1
1
1
1
1
1
1
1
1
1
1
1
1
1
1
1
1
1
1
1
1
1
1
1
1
1
1
1
1
1
1
1
1
1
1
1
1
1
1
1
1
1
1
1
1
1
1
1
1
1
1
1
1
1
1
1
1
1
1
1
1
1
1
1
1
1
1
1
1
1
1
1
1
1
1
1
1
1
1
1
1
1
1
1
1
1
1
1
1
1
1
1
1
1
1
1
1
1
1
1
1
1
1
1
1
1
1
1
1
1
1
1
1
1
1
1
1
1
1
1
1
1
1
1
1
1
1
1
1
1
1
1
1
1
1
1
1
1
1
1
1
1
1
1
1
1
1
1
1
1
1
1
1
1
1
1
1
1
1
1
1
1
1
1
1
1
1
1
1
1
1
1
1
1
1
1
1
1
1
1
1
1
1
1
1
1
1
1
1
1
1
1
1
1
1
1
1
1
1
1
1
1
1
1
1
1
1
1
1
1
1
1
1
1
1
1
1
1
1
1
1
1
1
1
1
1
1
1
1
1
1
1
1
1
1
1
1
1
1
1
1
1
1
1
1
1
1
1
1
1
1
1
1
1
1
1
1
1
1
1
1
1
1
1
1
1
1
1
1
1
1
1
1
1
1
1
1
1
1
1
1
1
1
1
1
1
1
1
1
1
1
1
1
1
1
1
1
1
1
1
1
1
1
1
1
1
1
1
1
1
1
1
1
1
1
1
1
1
1
1
1
1
1
1
1
1
1
1
1
1
1
1
1
1
1
1
1
1
1
1
1
1
1
1
1
1
1
1
1
1
1
1
1
1
1
1
1
1
1
1
1
1
1
1
1
1
1
1
1
1
1
1
1
1
1
1
1
1
1
1
1
1
1
1
1
1
1
1
1
1
1
1
1
1
1
1
1
1
1
1
1
1
1
1
1
1
1
1
1
1
1
1
1
1
1
1
1
1
1
1
1
1
1
1
1
1
1
1
1
1
1
1
1
1
1
1
1
1
1
1
1
1
1
1
1
1
1
1
1
1
1
1
1
1
1
1
1
1
1
1
1
1
1
1
1
1
1
1
1
1
1
1
1
1
1
1
1
1
1
1
1
1
1
1
1
1
1
1
1
1
1
1
1
1
1
1
1
1
1
1
1
1
1
1
1
1
1
1
1
1
1
1
1
1
1
1
1
1
1
1
1
1
1
1
1
1
1
1
1
1
1
1
1
1
1
1
1
1
1
1
1
1
1
1
1
1
1
1
1
1
1
1
1
1
1
1
1
1
1
1
1
1
1
1
1
1
1
1
1
1
1
1
1
1
1
1
1
1
1
1
1
1
1
1
1
1
1
1
1
1
1
1
1
1
1
1
1
1
1
1
1
1
1
1
1
1
1
1
1
1
1
1
1
1
1
1
1
1
1
1
1
1
1
1
1
1
1
1
1
1
1
1
1
1
1
1
1
1
1
1
1
1
1
1
1
1
1
1
1
1
1
1
1
1
1
1
1
1
1
1
1
1
1
1
1
1
1
1
1
1
1
1
1
1
1
1
1
1
1
1
1
1
1
1
1
1
1
1
1
1
1
1
1
1
1
1
1
1
1
1
1
1
1
1
1
1
1
1
1
1
1
1
1
1
1
1
1
1
1
1
1
1
1
1
1
1
1
1
1
1
1
1
1
1
1
1
1
1
1
1
1
1
1
1
1
1
1
1
1
1
1
1
1
1
1
1
1
1
1
1
1
1
1
1
1
1
1
1
1
1
1
1
1
1
1
1
1
1
1
1
1
1
1
1
1
1
1
1
1
1
1
1
1
1
1
1
1
1
1
1
1
1
1
1
1
1
1
1
1
1
1
1
1
1
1
1
1
1
1
1
1
1
1
1
1
1
1
1
1
1
1
1
1
1
1
1
1
1
1
1
1
1
1
1
1
1
1
1
1
1
1
1
1
1
1
1
1
1
1
1
1
1
1
1
1
1
1
1
1
1
1
1
1
1
1
1
1
1
1
1
1
1
1
1
1
1
1
1
1
1
1
1
1
1
1
1
1
1
1
1
1
1
1
1
1
1
1
1
1
1
1
1
1
1
1
1
1
1
1
1
1
1
1
1
1
1
1
1
1
1
1
1
1
1
1
1
1
1
1
1
1
1
1
1
1
1
1
1
1
1
1
1
1
1
1
1
1
1
1
1
1
1
1
1
1
1
1
1
1
1
1
1
1
1
1
1
1
1
1
1
1
1
1
1
1
1
1
1
1
1
1
1
1
1
1
1
1
1
1
1
1
1
1
1
1
1
1
1
1
1
1
1
1
1
1
1
1
1
1
1
1
1
1
1
1
1
1
1
1
1
1
1
1
1
1
1
1
1
1
1
1
1
1
1
1
1
1
1
1
1
1
1
1
1
1
1
1
1
1
1
1
1
1
1
1
1
1
1
1
1
1
1
1
1
1
1
1
1
1
1
1
1
1
1
1
1
1
1
1
1
1
1
1
1
1
1
1
1
1
1
1
1
1
1
1
1
1
1
1
1
1
1
1
1
1
1
1
1
1
1
1
1
1
1
1
1
1
1
1
1
1
1
1
1
1
1
1
1
1
1
1
1
1
1
1
1
1
1
1
1
1
1
1
1
1
1
1
1
1
1
1
1
1
1
1
1
1
1
1
1
1
1
1
1
1
1
1
1
1
1
1
1
1
1
1
1
1
1
1
1
1
1
1
1
1
1
1
1
1
1
1
1
1
1
1
1
1
1
1
1
1
1
1
1
1
1
1
1
1
1
1
1
1
1
1
1
1
1
1
1
1
1
1
1
1
1
1
1
1
1
1
1
1
1
1
1
1
1
1
1
1
1
1
1
1
1
1
1
1
1
1
1
1
1
1
1
1
1
1
1
1
1
1
1
1
1
1
1
1
1
1
1
1
1
1
1
1
1
1
1
1
1
1
1
1
1
1
1
1
1
1
1
1
1
1
1
1
1
1
1
1
1
1
1
1
1
1
1
1
1
1
1
1
1
1
1
1
1
1
1
1
1
1
1
1
1
1
1
1
1
1
1
1
1
1
1
1
1
1
1
1
1
1
1
1
1
1
1
1
1
1
1
1
1
1
1
1
1
1
1
1
1
1
1
1
1
1
1
1
1
1
1
1
1
1
1
1
1
1
1
1
1
1
1
1
1
1
1
1
1
1
1
1
1
1
1
1
1
1
1
1
1
1
1
1
1
1
1
1
1
1
1
1
1
1
1
1
1
1
1
1
1
1
1
1
1
1
1
1
1
1
1
1
1
1
1
1
1
1
1
1
1
1
1
1
1
1
1
1
1
1
1
1
1
1
1
1
1
1
1
1
1
1
1
1
1
1
1
1
1
1
1
1
1
1
1
1
1
1
1
1
1
1
1
1
1
1
1
1
1
1
1
1
1
1
1
1
1
1
1
1
1
1
1
1
1
1
1
1
1
1
1
1
1
1
1
1
1
1
1
1
1
1
1
1
1
1
1
1
1
1
1
1
1
1
1
1
1
1
1
1
1
1
1
1
1
1
1
1
1
1
1
1
1
1
1
1
1
1
1
1
1
1
1
1
1
1
1
1
1
1
1
1
1
1
1
1
1
1
1
1
1
1
1
1
1
1
1
1
1
1
1
1
1
1
1
1
1
1
1
1
1
1
1
1
1
1
1
1
1
1
1
1
1
1
1
1
1
1
1
1
1
1
1
1
1
1
1
1
1
1
1
1
1
1
1
1
1
1
1
1
1
1
1
1
1
1
1
1
1
1
1
1
1
1
1
1
1
1
1
1
1
1
1
1
1
1
1
1
1
1
1
1
1
1
1
1
1
1
1
1
1
1
1
1
1
1
1
1
1
1
1
1
1
1
1
1
1
1
1
1
1
1
1
1
1
1
1
1
1
1
1
1
1
1
1
1
1
1
1
1
1
1
1
1
1
1
1
1
1
1
1
1
1
1
1
1
1
1
1
1
1
1
1
1
1
1
1
1
1
1
1
1
1
1
1
1
1
1
1
1
1
1
1
1
1
1
1
1
1
1
1
1
1
1
1
1
1
1
1
1
1
1
1
1
1
1
1
1
1
1
1
1
1
1
1
1
1
1
1
1
1
1
1
1
1
1
1
1
1
1
1
1
1
1
1
1
1
1
1
1
1
1
1
1
1
1
1
1
1
1
1
1
1
1
1
1
1
1
1
1
1
1
1
1
1
1
1
1
1
1
1
1
1
1
1
1
1
1
1
1
1
1
1
1
1
1
1
1
1
1
1
1
1
1
1
1
1
1
1
1
1
1
1
1
1
1
1
1
1
1
1
1
1
1
1
1
1
1
1
1
1
1
1
1
1
1
1
1
1
1
1
1
1
1
1
1
1
1
1
1
1
1
1
1
1
1
1
1
1
1
1
1
1
1
1
1
1
1
1
1
1
1
1
1
1
1
1
1
1
1
1
1
1
1
1
1
1
1
1
1
1
1
1
1
1
1
1
1
1
1
1
1
1
1
1
1
1
1
1
1
1
1
1
1
1
1
1
1
1
1
1
1
1
1
1
1
1
1
1
1
1
1
1
1
1
1
1
1
1
1
1
1
1
1
1
1
1
1
1
1
1
1
1
1
1
1
1
1
1
1
1
1
1
1
1
1
1
1
1
1
1
1
1
1
1
1
1
1
1
1
1
1
1
1
1
1
1
1
1
1
1
1
1
1
1
1
1
1
1
1
1
1
1
1
1
1
1
1
1
1
1
1
1
1
1
1
1
1
1
1
1
1
1
1
1
1
1
1
1
1
1
1
1
1
1
1
1
1
1
1
1
1
1
1
1
1
1
1
1
1
1
1
1
1
1
1
1
1
1
1
1
1
1
1
1
1
1
1
1
1
1
1
1
1
1
1
1
1
1
1
1
1
1
1
1
1
1
1
1
1
1
1
1
1
1
1
1
1
1
1
1
1
1
1
1
1
1
1
1
1
1
1
1
1
1
1
1
1
1
1
1
1
1
1
1
1
1
1
1
1
1
1
1
1
1
1
1
1
1
1
1
1
1
1
1
1
1
1
1
1
1
1
1
1
1
1
1
1
1
1
1
1
1
1
1
1
1
1
1
1
1
1
1
1
1
1
1
1
1
1
1
1
1
1
1
1
1
1
1
1
1
1
1
1
1
1
1
1
1
1
1
1
1
1
1
1
1
1
1
1
1
1
1
1
1
1
1
1
1
1
1
1
1
1
1
1
1
1
1
1
1
1
1
1
1
1
1
1
1
1
1
1
1
1
1
1
1
1
1
1
1
1
1
1
1
1
1
1
1
1
1
1
1
1
1
1
1
1
1
1
1
1
1
1
1
1
1
1
1
1
1
1
1
1
1
1
1
1
1
1
1
1
1
1
1
1
1
1
1
1
1
1
1
1
1
1
1
1
1
1
1
1
1
1
1
1
1
1
1
1
1
1
1
1
1
1
1
1
1
1
1
1
1
1
1
1
1
1
1
1
1
1
1
1
1
1
1
1
1
1
1
1
1
1
1
1
1
1
1
1
1
1
1
1
1
1
1
1
1
1
1
1
1
1
1
1
1
1
1
1
1
1
1
1
1
1
1
1
1
1
1
1
1
1
1
1
1
1
1
1
1
1
1
1
1
1
1
1
1
1
1
1
1
1
1
1
1
1
1
1
1
1
1
1
1
1
1
1
1
1
1
1
1
1
1
1
1
1
1
1
1
1
1
1
1
1
1
1
1
1
1
1
1
1
1
1
1
1
1
1
1
1
1
1
1
1
1
1
1
1
1
1
1
1
1
1
1
1
1
1
1
1
1
1
1
1
1
1
1
1
1
1
1
1
1
1
1
1
1
1
1
1
1
1
1
1
1
1
1
1
1
1
1
1
1
1
1
1
1
1
1
1
1
1
1
1
1
1
1
1
1
1
1
1
1
1
1
1
1
1
1
1
1
1
1
1
1
1
1
1
1
1
1
1
1
1
1
1
1
1
1
1
1
1
1
1
1
1
1
1
1
1
1
1
1
1
1
1
1
1
1
1
1
1
1
1
1
1
1
1
1
1
1
1
1
1
1
1
1
1
1
1
1
1
1
1
1
1
1
1
1
1
1
1
1
1
1
1
1
1
1
1
1
1
1
1
1
1
1
1
1
1
1
1
1
1
1
1
1
1
1
1
1
1
1
1
1
1
1
1
1
1
1
1
1
1
1
1
1
1
1
1
1
1
1
1
1
1
1
1
1
1
1
1
1
1
1
1
1
1
1
1
1
1
1
1
1
1
1
1
1
1
1
1
1
1
1
1
1
1
1
1
1
1
1
1
1
1
1
1
1
1
1
1
1
1
1
1
1
1
1
1
1
1
1
1
1
1
1
1
1
1
1
1
1
1
1
1
1
1
1
1
1
1
1
1
1
1
1
1
1
1
1
1
1
1
1
1
1
1
1
1
1
1
1
1
1
1
1
1
1
1
1
1
1
1
1
1
1
1
1
1
1
1
1
1
1
1
1
1
1
1
1
1
1
1
1
1
1
1
1
1
1
1
1
1
1
1
1
1
1
1
1
1
1
1
1
1
1
1
1
1
1
1
1
1
1
1
1
1
1
1
1
1
1
1
1
1
1
1
1
1
1
1
1
1
1
1
1
1
1
1
1
1
1
1
1
1
1
1
1
1
1
1
1
1
1
1
1
1
1
1
1
1
1
1
1
1
1
1
1
1
1
1
1
1
1
1
1
1
1
1
1
1
1
1
1
1
1
1
1
1
1
1
1
1
1
1
1
1
1
1
1
1
1
1
1
1
1
1
1
1
1
1
1
1
1
1
1
1
1
1
1
1
1
1
1
1
1
1
1
1
1
1
1
1
1
1
1
1
1
1
1
1
1
1
1
1
1
1
1
1
1
1
1
1
1
1
1
1
1
1
1
1
1
1
1
1
1
1
1
1
1
1
1
1
1
1
1
1
1
1
1
1
1
1
1
1
1
1
1
1
1
1
1
1
1
1
1
1
1
1
1
1
1
1
1
1
1
1
1
1
1
1
1
1
1
1
1
1
1
1
1
1
1
1
1
1
1
1
1
1
1
1
1
1
1
1
1
1
1
1
1
1
1
1
1
1
1
1
1
1
1
1
1
1
1
1
1
1
1
1
1
1
1
1
1
1
1
1
1
1
1
1
1
1
1
1
1
1
1
1
1
1
1
1
1
1
1
1
1
1
1
1
1
1
1
1
1
1
1
1
1
1
1
1
1
1
1
1
1
1
1
1
1
1
1
1
1
1
1
1
1
1
1
1
1
1
1
1
1
1
1
1
1
1
1
1
1
1
1
1
1
1
1
1
1
1
1
1
1
1
1
1
1
1
1
1
1
1
1
1
1
1
1
1
1
1
1
1
1
1
1
1
1
1
1
1
1
1
1
1
1
1
1
1
1
1
1
1
1
1
1
1
1
1
1
1
1
1
1
1
1
1
1
1
1
1
1
1
1
1
1
1
1
1
1
1
1
1
1
1
1
1
1
1
1
1
1
1
1
1
1
1
1
1
1
1
1
1
1
1
1
1
1
1
1
1
1
1
1
1
1
1
1
1
1
1
1
1
1
1
1
1
1
1
1
1
1
1
1
1
1
1
1
1
1
1
1
1
1
1
1
1
1
1
1
1
1
1
1
1
1
1
1
1
1
1
1
1
1
1
1
1
1
1
1
1
1
1
1
1
1
1
1
1
1
1
1
1
1
1
1
1
1
1
1
1
1
1
1
1
1
1
1
1
1
1
1
1
1
1
1
1
1
1
1
1
1
1
1
1
1
1
1
1
1
1
1
1
1
1
1
1
1
1
1
1
1
1
1
1
1
1
1
1
1
1
1
1
1
1
1
1
1
1
1
1
1
1
1
1
1
1
1
1
1
1
1
1
1
1
1
1
1
1
1
1
1
1
1
1
1
1
1
1
1
1
1
1
1
1
1
1
1
1
1
1
1
1
1
1
1
1
1
1
1
1
1
1
1
1
1
1
1
1
1
1
1
1
1
1
1
1
1
1
1
1
1
1
1
1
1
1
1
1
1
1
1
1
1
1
1
1
1
1
1
1
1
1
1
1
1
1
1
1
1
1
1
1
1
1
1
1
1
1
1
1
1
1
1
1
1
1
1
1
1
1
1
1
1
1
1
1
1
1
1
1
1
1
1
1
1
1
1
1
1
1
1
1
1
1
1
1
1
1
1
1
1
1
1
1
1
1
1
1
1
1
1
1
1
1
1
1
1
1
1
1
1
1
1
1
1
1
1
1
1
1
1
1
1
1
1
1
1
1
1
1
1
1
1
1
1
1
1
1
1
1
1
1
1
1
1
1
1
1
1
1
1
1
1
1
1
1
1
1
1
1
1
1
1
1
1
1
1
1
1
1
1
1
1
1
1
1
1
1
1
1
1
1
1
1
1
1
1
1
1
1
1
1
1
1
1
1
1
1
1
1
1
1
1
1
1
1
1
1
1
1
1
1
1
1
1
1
1
1
1
1
1
1
1
1
1
1
1
1
1
1
1
1
1
1
1
1
1
1
1
1
1
1
1
1
1
1
1
1
1
1
1
1
1
1
1
1
1
1
1
1
1
1
1
1
1
1
1
1
1
1
1
1
1
1
1
1
1
1
1
1
1
1
1
1
1
1
1
1
1
1
1
1
1
1
1
1
1
1
1
1
1
1
1
1
1
1
1
1
1
1
1
1
1
1
1
1
1
1
1
1
1
1
1
1
1
1
1
1
1
1
1
1
1
1
1
1
1
1
1
1
1
1
1
1
1
1
1
1
1
1
1
1
1
1
1
1
1
1
1
1
1
1
1
1
1
1
1
1
1
1
1
1
1
1
1
1
1
1
1
1
1
1
1
1
1
1
1
1
1
1
1
1
1
1
1
1
1
1
1
1
1
1
1
1
1
1
1
1
1
1
1
1
1
1
1
1
1
1
1
1
1
1
1
1
1
1
1
1
1
1
1
1
1
1
1
1
1
1
1
1
1
1
1
1
1
1
1
1
1
1
1
1
1
1
1
1
1
1
1
1
1
1
1
1
1
1
1
1
1
1
1
1
1
1
1
1
1
1
1
1
1
1
1
1
1
1
1
1
1
1
1
1
1
1
1
1
1
1
1
1
1
1
1
1
1
1
1
1
1
1
1
1
1
1
1
1
1
1
1
1
1
1
1
1
1
1
1
1
1
1
1
1
1
1
1
1
1
1
1
1
1
1
1
1
1
1
1
1
1
1
1
1
1
1
1
1
1
1
1
1
1
1
1
1
1
1
1
1
1
1
1
1
1
1
1
1
1
1
1
1
1
1
1
1
1
1
1
1
1
1
1
1
1
1
1
1
1
1
1
1
1
1
1
1
1
1
1
1
1
1
1
1
1
1
1
1
1
1
1
1
1
1
1
1
1
1
1
1
1
1
1
1
1
1
1
1
1
1
1
1
1
1
1
1
1
1
1
1
1
1
1
1
1
1
1
1
1
1
1
1
1
1
1
1
1
1
1
1
1
1
1
1
1
1
1
1
1
1
1
1
1
1
1
1
1
1
1
1
1
1
1
1
1
1
1
1
1
1
1
1
1
1
1
1
1
1
1
1
1
1
1
1
1
1
1
1
1
1
1
1
1
1
1
1
1
1
1
1
1
1
1
1
1
1
1
1
1
1
1
1
1
1
1
1
1
1
1
1
1
1
1
1
1
1
1
1
1
1
1
1
1
1
1
1
1
1
1
1
1
1
1
1
1
1
1
1
1
1
1
1
1
1
1
1
1
1
1
1
1
1
1
1
1
1
1
1
1
1
1
1
1
1
1
1
1
1
1
1
1
1
1
1
1
1
1
1
1
1
1
1
1
1
1
1
1
1
1
1
1
1
1
1
1
1
1
1
1
1
1
1
1
1
1
1
1
1
1
1
1
1
1
1
1
1
1
1
1
1
1
1
1
1
1
1
1
1
1
1
1
1
1
1
1
1
1
1
1
1
1
1
1
1
1
1
1
1
1
1
1
1
1
1
1
1
1
1
1
1
1
1
1
1
1
1
1
1
1
1
1
1
1
1
1
1
1
1
1
1
1
1
1
1
1
1
1
1
1
1
1
1